num_test,start,end,time
1,1137618,1141452,3834
2,1205020,1207509,2489
3,1222067,1224244,2177
4,1235517,1239347,3830
5,1250910,1253571,2661
6,1264743,1267555,2812
7,1278621,1281279,2658
8,1292289,1295134,2845
9,1306148,1308926,2778
10,1320011,1323041,3030
11,1334292,1337321,3029
12,1348437,1351643,3206
13,1362743,1365954,3211
14,1377035,1380426,3391
15,1391518,1394901,3383
16,1405990,1409561,3571
17,1420650,1424218,3568
18,1435307,1439058,3751
19,1450143,1453895,3752
20,1464984,1468919,3935
21,1480016,1483952,3936
22,1495056,1499168,4112
23,1510272,1514388,4116
24,1525481,1529774,4293
25,1540866,1545163,4297
26,1556252,1560729,4477
27,1571814,1576291,4477
28,1587391,1592052,4661
29,1603141,1607799,4658
30,1618888,1623729,4841
31,1634811,1639652,4841
32,1650741,1655763,5022
33,1666852,1671874,5022
34,1682956,1688162,5206
35,1699247,1704453,5206
36,1715538,1720925,5387
37,1732014,1737397,5383
38,1748482,1754049,5567
39,1765134,1770701,5567
40,1781790,1787538,5748
41,1798627,1804374,5747
42,1815456,1821391,5935
43,1832473,1838408,5935
44,1849490,1855602,6112
45,1866691,1872799,6108
46,1883888,1890180,6292
47,1901266,1907558,6292
48,1918647,1925120,6473
49,1936209,1942682,6473
50,1953767,1960424,6657
51,1971510,1978167,6657
52,1989252,1996090,6838
53,2007179,2014012,6833
54,2025101,2032119,7018
55,2043205,2050223,7018
56,2061312,2068510,7198
57,2079599,2086801,7202
58,2097883,2105269,7386
59,2116351,2123737,7386
60,2134818,2142385,7567
61,2153474,2161034,7560
62,2172123,2179866,7743
63,2190951,2198698,7747
64,2209784,2217711,7927
65,2228800,2236724,7924
66,2247810,2255918,8108
67,2267003,2275115,8112
68,2286196,2294489,8293
69,2305577,2313862,8285
70,2324951,2333424,8473
71,2344505,2352978,8473
72,2364067,2372717,8650
73,2383806,2392459,8653
74,2403540,2412378,8838
75,2423463,2432300,8837
76,2469364,2478750,9386
77,2490279,2499300,9021
78,2510340,2519546,9206
79,2530605,2539814,9209
80,2550854,2560241,9387
81,2571277,2580671,9394
82,2591715,2601289,9574
83,2612325,2621899,9574
84,2632939,2642690,9751
85,2653730,2663481,9751
86,2674525,2684456,9931
87,2695496,2705427,9931
88,2716467,2726583,10116
89,2737537,2747648,10111
90,2758643,2768935,10292
91,2779915,2790215,10300
92,2801210,2811686,10476
93,2822738,2833214,10476
94,2844273,2854933,10660
95,2865992,2876649,10657
96,2887708,2898545,10837
97,2909521,2920362,10841
98,2931327,2942348,11021
99,2953351,2964368,11017
100,2975348,2986550,11202
101,2997680,3008878,11198
102,3019952,3031338,11386
103,3042318,3053704,11386
104,3064692,3076254,11562
105,3087309,3098876,11567
106,3109942,3121685,11743
107,3132673,3144416,11743
108,3155384,3167315,11931
109,3178378,3190305,11927
110,3201376,3213483,12107
111,3224471,3236582,12111
112,3247551,3259843,12292
113,3270894,3283186,12292
114,3294249,3306717,12468
115,3317701,3330169,12468
116,3341142,3353795,12653
117,3364868,3377521,12653
118,3388595,3401428,12833
119,3412431,3425260,12829
120,3436236,3449254,13018
121,3460309,3473326,13017
122,3484393,3497590,13197
123,3508570,3521768,13198
124,3532737,3546115,13378
125,3557174,3570552,13378
126,3581622,3595181,13559
127,3606165,3619727,13562
128,3630703,3644442,13739
129,3655505,3669248,13743
130,3680314,3694238,13924
131,3705221,3719171,13950
132,3730155,3744247,14092
133,3755306,3769391,14085
134,3780468,3794741,14273
135,3805725,3819994,14269
136,3830967,3845412,14445
137,3856471,3870921,14450
138,3881983,3896617,14634
139,3907601,3922235,14634
140,3933199,3948014,14815
141,3959072,3973883,14811
142,3984949,3999944,14995
143,4010928,4025922,14994
144,4036891,4052070,15179
145,4063125,4078300,15175
146,4089366,4104725,15359
147,4115705,4131064,15359
148,4142037,4157577,15540
149,4168628,4184171,15543
150,4195234,4210958,15724
151,4221945,4237665,15720
152,4248638,4264534,15896
153,4275597,4291498,15901
154,4302564,4318649,16085
155,4329629,4345713,16084
156,4356686,4372951,16265
157,4384006,4400271,16265
158,4411338,4427787,16449
159,4438767,4455212,16445
160,4466185,4482815,16630
161,4493870,4510499,16629
162,4521566,4538376,16810
163,4549356,4566166,16810
164,4577131,4594129,16998
165,4605180,4622175,16995
166,4645123,4662516,17393
167,4674650,4691832,17182
168,4702982,4720340,17358
169,4731527,4748882,17355
170,4760065,4777597,17532
171,4788697,4806229,17532
172,4817315,4835027,17712
173,4846199,4863911,17712
174,4875094,4892990,17896
175,4904091,4921980,17889
176,4933069,4951142,18073
177,4962310,4980379,18069
178,4991562,5009812,18250
179,5020908,5039162,18254
180,5050243,5068677,18434
181,5079842,5098276,18434
182,5109459,5128073,18614
183,5139169,5157784,18615
184,5168880,5187679,18799
185,5198854,5217657,18803
186,5228844,5247834,18990
187,5258930,5277917,18987
188,5289006,5308173,19167
189,5319341,5338504,19163
190,5349683,5369031,19348
191,5380124,5399471,19347
192,5410556,5430084,19528
193,5441245,5460784,19539
194,5471963,5491686,19723
195,5502779,5522499,19720
196,5533584,5553473,19889
197,5564637,5584529,19892
198,5595708,5615778,20070
199,5626874,5646951,20077
200,5658032,5678286,20254
201,5689450,5709707,20257
202,5720882,5741320,20438
203,5752416,5772854,20438
204,5783935,5804553,20618
205,5815721,5836347,20626
206,5847534,5868340,20806
207,5879444,5900250,20806
208,5911335,5932314,20979
209,5943474,5964457,20983
210,5975636,5996799,21163
211,6007895,6029055,21160
212,6040140,6061483,21343
213,6072647,6093991,21344
214,6105166,6126694,21528
215,6137791,6159314,21523
216,6170396,6192104,21708
217,6203264,6224972,21708
218,6236152,6258040,21888
219,6269137,6291025,21888
220,6302107,6324176,22069
221,6335340,6357409,22069
222,6368588,6390841,22253
223,6401938,6424187,22249
224,6444309,6466803,22494
225,6482132,6504573,22441
226,6515951,6538554,22603
227,6549688,6572283,22595
228,6583387,6606163,22776
229,6617346,6640125,22779
230,6651312,6674268,22956
231,6685372,6708332,22960
232,6719417,6742557,23140
233,6753740,6776877,23137
234,6788063,6811388,23325
235,6822488,6845809,23321
236,6856898,6880403,23505
237,6891578,6915083,23505
238,6926270,6949959,23689
239,6961059,6984748,23689
240,6995833,7019699,23866
241,7030878,7054744,23866
242,7065931,7089981,24050
243,7101081,7125131,24050
244,7136220,7160447,24227
245,7171626,7195856,24230
246,7207043,7231457,24414
247,7242561,7266972,24411
248,7278057,7302652,24595
249,7313832,7338423,24591
250,7349610,7374381,24771
251,7385489,7410264,24775
252,7421350,7446305,24955
253,7457485,7482440,24955
254,7493627,7518763,25136
255,7529867,7555004,25137
256,7566089,7591406,25317
257,7602589,7627905,25316
258,7639092,7664593,25501
259,7675708,7701209,25501
260,7712298,7737979,25681
261,7749159,7774840,25681
262,7786027,7811888,25861
263,7822993,7848854,25861
264,7859943,7885985,26042
265,7897172,7923214,26042
266,7934405,7960627,26222
267,7971743,7997969,26226
268,8009062,8035469,26407
269,8046655,8073062,26407
270,8084253,8110847,26594
271,8121951,8148539,26588
272,8159635,8186403,26768
273,8197586,8224354,26768
274,8235544,8262500,26956
275,8273615,8300571,26956
276,8311667,8338799,27132
277,8349986,8377118,27132
278,8388309,8415625,27316
279,8426729,8454042,27313
280,8465135,8492628,27493
281,8503811,8531312,27501
282,8542498,8570176,27678
283,8581280,8608961,27681
284,8620099,8647949,27850
285,8659132,8686993,27861
286,8698184,8726275,28091
287,8737379,8765421,28042
288,8776517,8804736,28219
289,8815919,8844141,28222
290,8855335,8883734,28399
291,8894838,8923245,28407
292,8934338,8962921,28583
293,8974100,9002687,28587
294,9013878,9042641,28763
295,9053749,9082513,28764
296,9093606,9122557,28951
297,9133733,9162684,28951
298,9173871,9203003,29132
299,9214107,9243239,29132
300,9254328,9283637,29309
301,9294820,9324132,29312
302,9335323,9364816,29493
303,9375920,9405413,29493
304,9416506,9446175,29669
305,9457358,9487031,29673
306,9498222,9528079,29857
307,9539183,9569037,29854
308,9580130,9610168,30038
309,9621347,9651385,30038
310,9662572,9692790,30218
311,9703902,9734117,30215
312,9745205,9775608,30403
313,9786787,9817190,30403
314,9828380,9858960,30580
315,9870064,9900647,30583
316,9911739,9942503,30764
317,9953682,9984446,30764
318,9995636,10026580,30944
319,10037804,10068748,30944
320,10080055,10111183,31128
321,10122404,10153528,31124
322,10164865,10196170,31305
323,10216758,10248262,31504
324,10260309,10291828,31519
325,10303090,10334579,31489
326,10345913,10377582,31669
327,10388821,10420491,31670
328,10431809,10478687,46878
329,10495546,10523222,27676
330,10531384,10553833,22449
331,10561767,10584205,22438
332,10592127,10614683,22556
333,10622557,10645113,22556
334,10653037,10675722,22685
335,10683588,10706270,22682
336,10714178,10736993,22815
337,10744847,10767656,22809
338,10775567,10798507,22940
339,10806361,10829298,22937
340,10837215,10860282,23067
341,10868144,10891211,23067
342,10899135,10922330,23195
343,10930179,10953380,23201
344,10961299,10984622,23323
345,10992483,11015806,23323
346,11023723,11047174,23451
347,11055037,11078488,23451
348,11086405,11109989,23584
349,11117855,11141436,23581
350,11149360,11173069,23709
351,11180936,11204642,23706
352,11212559,11236390,23831
353,11244252,11268084,23832
354,11276003,11299960,23957
355,11307824,11331783,23959
356,11339700,11363787,24087
357,11371649,11395736,24087
358,11403655,11427865,24210
359,11435729,11459942,24213
360,11467861,11492201,24340
361,11500060,11524401,24341
362,11532320,11556786,24466
363,11564649,11589115,24466
364,11597034,11621630,24596
365,11629489,11654086,24597
366,11662004,11686723,24719
367,11694587,11719309,24722
368,11727228,11752075,24847
369,11759936,11784785,24849
370,11792702,11817676,24974
371,11825550,11850525,24975
372,11858441,11883543,25102
373,11891407,11916507,25100
374,11924426,11949656,25230
375,11957520,11982748,25228
376,11990664,12016022,25358
377,12023886,12049242,25356
378,12057161,12082641,25480
379,12090505,12115989,25484
380,12123907,12149516,25609
381,12157380,12182989,25609
382,12190908,12216646,25738
383,12224510,12250244,25734
384,12258163,12284027,25864
385,12291891,12317755,25864
386,12325674,12351664,25990
387,12359528,12385520,25992
388,12393439,12419559,26120
389,12427420,12453540,26120
390,12461456,12487739,26283
391,12495603,12521850,26247
392,12529769,12556142,26373
393,12564001,12590374,26373
394,12598293,12624791,26498
395,12632655,12659156,26501
396,12667072,12693701,26629
397,12701562,12728191,26629
398,12736110,12762891,26781
399,12770755,12797506,26751
400,12805425,12832342,26917
401,12840203,12867085,26882
402,12875001,12902008,27007
403,12909879,12936886,27007
404,12944808,12971940,27132
405,12979804,13006939,27135
406,13014858,13042120,27262
407,13049982,13077244,27262
408,13085161,13112551,27390
409,13120415,13147800,27385
410,13155722,13183237,27515
411,13191099,13218614,27515
412,13226536,13254177,27641
413,13262041,13289684,27643
414,13297600,13325372,27772
415,13333238,13361007,27769
416,13368928,13396822,27894
417,13404709,13432605,27896
418,13440527,13468551,28024
419,13476425,13504449,28024
420,13512368,13540521,28153
421,13548382,13576534,28152
422,13584453,13612730,28277
423,13620594,13648872,28278
424,13656796,13685199,28403
425,13693070,13721473,28403
426,13729397,13757927,28530
427,13765796,13794327,28531
428,13802251,13830909,28658
429,13838780,13867439,28659
430,13875363,13904146,28783
431,13912015,13940801,28786
432,13948725,13977639,28914
433,13985506,14014420,28914
434,14022341,14051381,29040
435,14059257,14088296,29039
436,14096220,14125387,29167
437,14133254,14162423,29169
438,14170352,14199647,29295
439,14207513,14236806,29293
440,14244740,14274160,29420
441,14282029,14311449,29420
442,14319373,14348921,29548
443,14356787,14386335,29548
444,14394259,14429852,35593
445,14440282,14469995,29713
446,14478022,14507811,29789
447,14515699,14545493,29794
448,14553417,14583343,29926
449,14591212,14621136,29924
450,14629060,14659112,30052
451,14666981,14697032,30051
452,14704956,14735133,30177
453,14742997,14773177,30180
454,14781101,14811408,30307
455,14819272,14849574,30302
456,14857498,14887931,30433
457,14895795,14926227,30432
458,14934154,14964714,30560
459,14972578,15003136,30558
460,15011062,15041751,30689
461,15049617,15080305,30688
462,15088229,15119045,30816
463,15126909,15157723,30814
464,15165647,15196585,30938
465,15204449,15235391,30942
466,15243315,15274381,31066
467,15282258,15313324,31066
468,15321253,15352450,31197
469,15367541,15398112,30571
470,15406589,15437919,31330
471,15445803,15477123,31320
472,15485049,15516494,31445
473,15524368,15555811,31443
474,15563735,15595305,31570
475,15603174,15634744,31570
476,15642673,15674369,31696
477,15682248,15713946,31698
478,15721882,15753711,31829
479,15761592,15793421,31829
480,15801352,15833309,31957
481,15841187,15873141,31954
482,15881073,15913154,32081
483,15921023,15953105,32082
484,15961029,15993235,32206
485,16001104,16033309,32205
486,16041250,16073582,32332
487,16081466,16113798,32332
488,16121737,16154205,32468
489,16162071,16194536,32465
490,16202460,16235053,32593
491,16242922,16275510,32588
492,16283433,16316149,32716
493,16324020,16356734,32714
494,16364657,16397506,32849
495,16405375,16438223,32848
496,16446147,16479121,32974
497,16486990,16519963,32973
498,16527887,16560986,33099
499,16568855,16601952,33097
500,16609876,16643100,33224
501,16650969,16684193,33224
502,16692117,16725469,33352
503,16733335,16766688,33353
504,16774611,16808091,33480
505,16815958,16849438,33480
506,16857362,16890967,33605
507,16898836,16932441,33605
508,16940365,16974098,33733
509,16981967,17015697,33730
510,17023621,17057482,33861
511,17065351,17099212,33861
512,17107136,17141122,33986
513,17148988,17182977,33989
514,17190901,17225012,34111
515,17232883,17266997,34114
516,17274921,17309163,34242
517,17317029,17351274,34245
518,17359198,17393562,34364
519,17401433,17435798,34365
520,17443722,17478217,34495
521,17486088,17520583,34495
522,17528507,17563130,34623
523,17570996,17605616,34620
524,17613540,17648293,34753
525,17656159,17690910,34751
526,17698834,17733707,34873
527,17741578,17776451,34873
528,17784375,17819379,35004
529,17827250,17862254,35004
530,17870178,17905307,35129
531,17913175,17948307,35132
532,17956231,17991488,35257
533,17999356,18034613,35257
534,18042537,18077921,35384
535,18085788,18121175,35387
536,18129099,18164611,35512
537,18172480,18207990,35510
538,18215913,18251551,35638
539,18259420,18295057,35637
540,18302981,18338749,35768
541,18346616,18382384,35768
542,18390307,18432666,42359
543,18443114,18479022,35908
544,18487111,18523145,36034
545,18531023,18567047,36024
546,18574971,18611120,36149
547,18618986,18655135,36149
548,18663056,18699335,36279
549,18707199,18743478,36279
550,18751397,18787804,36407
551,18795671,18832072,36401
552,18839996,18876526,36530
553,18884390,18920922,36532
554,18928846,18965504,36658
555,18973370,19010027,36657
556,19017949,19054737,36788
557,19062600,19099386,36786
558,19107307,19144220,36913
559,19152087,19188997,36910
560,19196921,19233960,37039
561,19241823,19278864,37041
562,19286791,19323960,37169
563,19331843,19369010,37167
564,19376936,19414233,37297
565,19422101,19459393,37292
566,19467317,19504736,37419
567,19512603,19550024,37421
568,19557946,19595496,37550
569,19603369,19640917,37548
570,19648840,19686515,37675
571,19694379,19732054,37675
572,19739976,19777776,37800
573,19785642,19823442,37800
574,19831366,19869294,37928
575,19877161,19915091,37930
576,19923010,19961066,38056
577,19968930,20006986,38056
578,20014910,20053093,38183
579,20060960,20099146,38186
580,20107065,20145374,38309
581,20153245,20191574,38329
582,20199501,20237937,38436
583,20245801,20284240,38439
584,20292167,20330734,38567
585,20338600,20377162,38562
586,20385104,20423796,38692
587,20431665,20470355,38690
588,20478276,20517094,38818
589,20524958,20563778,38820
590,20571699,20610645,38946
591,20618509,20657454,38945
592,20665378,20704451,39073
593,20712315,20751389,39074
594,20759312,20798514,39202
595,20806380,20845578,39198
596,20853502,20892831,39329
597,20900698,20940024,39326
598,20947948,20987400,39452
599,20995266,21034720,39454
600,21042642,21082224,39582
601,21090087,21129667,39580
602,21137591,21177298,39707
603,21185162,21224872,39710
604,21232793,21272626,39833
605,21280492,21320325,39833
606,21328249,21368209,39960
607,21376075,21416038,39963
608,21423960,21464040,40080
609,21471914,21512045,40131
610,21519966,21560180,40214
611,21568044,21608260,40216
612,21616184,21656525,40341
613,21664399,21704740,40341
614,21712667,21753136,40469
615,21767019,21807631,40612
616,21816006,21856605,40599
617,21864459,21905049,40590
618,21912952,21953670,40718
619,21961523,22002236,40713
620,22010150,22050992,40842
621,22058841,22099683,40842
622,22107597,22148565,40968
623,22156424,22197397,40973
624,22205311,22246409,41098
625,22254268,22295368,41100
626,22303285,22344511,41226
627,22352372,22393598,41226
628,22401512,22452167,50655
629,22463635,22504810,41175
630,22512173,22549898,37725
631,22557093,22594813,37720
632,22602025,22639855,37830
633,22647013,22684843,37830
634,22692065,22730011,37946
635,22737168,22775119,37951
636,22782328,22820392,38064
637,22827539,22865602,38063
638,22872807,22910983,38176
639,22918135,22956309,38174
640,22963513,23001805,38292
641,23008962,23047258,38296
642,23054466,23092877,38411
643,23100034,23138444,38410
644,23145653,23184175,38522
645,23191327,23229849,38522
646,23237052,23275691,38639
647,23282844,23321481,38637
648,23328685,23367438,38753
649,23374590,23413343,38753
650,23420547,23459418,38871
651,23466567,23505438,38871
652,23512640,23551625,38985
653,23558777,23597761,38984
654,23604973,23644074,39101
655,23651226,23690324,39098
656,23697529,23736745,39216
657,23743897,23783113,39216
658,23790315,23829647,39332
659,23836799,23876130,39331
660,23883333,23922779,39446
661,23929931,23969378,39447
662,23976580,24016145,39565
663,24023297,24062856,39559
664,24070061,24109738,39677
665,24116890,24156568,39678
666,24163772,24203565,39793
667,24210717,24250509,39792
668,24257714,24297622,39908
669,24304774,24344682,39908
670,24351884,24391910,40026
671,24399062,24439085,40023
672,24446289,24486430,40141
673,24493580,24533721,40141
674,24540925,24581179,40254
675,24588331,24628587,40256
676,24635790,24676161,40371
677,24683313,24723682,40369
678,24730887,24771373,40486
679,24778525,24819010,40485
680,24826214,24866816,40602
681,24873968,24914570,40602
682,24921772,24962490,40718
683,24969642,25010359,40717
684,25017564,25058396,40832
685,25065546,25106378,40832
686,25113583,25154531,40948
687,25161683,25202631,40948
688,25209833,25250898,41065
689,25258051,25299114,41063
690,25306318,25347497,41179
691,25354649,25395827,41178
692,25403032,25444325,41293
693,25451477,25492771,41294
694,25499976,25541387,41411
695,25548539,25589948,41409
696,25597150,25638677,41527
697,25645829,25687356,41527
698,25694558,25737668,43110
699,25750517,25808036,57519
700,25819900,25861790,41890
701,25869218,25911005,41787
702,25918255,25960152,41897
703,25967349,26009250,41901
704,26016487,26058495,42008
705,26065677,26107685,42008
706,26114922,26157045,42123
707,26164232,26206353,42121
708,26213595,26255836,42241
709,26263026,26305266,42240
710,26312519,26354875,42356
711,26362065,26404421,42356
712,26411658,26462630,50972
713,26472458,26514930,42472
714,26522315,26564896,42581
715,26572101,26614675,42574
716,26621890,26664577,42687
717,26671762,26714451,42689
718,26721676,26764478,42802
719,26771650,26814452,42802
720,26821667,26864587,42920
721,26871749,26914669,42920
722,26921881,26964919,43038
723,26972084,27015119,43035
724,27022336,27065492,43156
725,27072662,27115812,43150
726,27123029,27166295,43266
727,27173460,27216728,43268
728,27223945,27267326,43381
729,27274491,27317875,43384
730,27325089,27368606,43517
731,27375768,27419267,43499
732,27426527,27470141,43614
733,27477303,27520917,43614
734,27528129,27571861,43732
735,27579023,27622750,43727
736,27629965,27673810,43845
737,27680974,27724819,43845
738,27732034,27775994,43960
739,27783156,27827116,43960
740,27834331,27878403,44072
741,27885568,27929641,44073
742,27936855,27981048,44193
743,27988211,28032401,44190
744,28039621,28083929,44308
745,28091091,28135395,44304
746,28142634,28187050,44416
747,28194212,28238634,44422
748,28245848,28290385,44537
749,28297547,28342083,44536
750,28349300,28393952,44652
751,28401114,28445766,44652
752,28452980,28497750,44770
753,28504917,28549684,44767
754,28556899,28601781,44882
755,28608945,28653828,44883
756,28661042,28706040,44998
757,28713204,28758202,44998
758,28765417,28810529,45112
759,28817696,28862814,45118
760,28870034,28915262,45228
761,28922429,28967660,45231
762,28982776,29028272,45496
763,29035908,29081261,45353
764,29088548,29134012,45464
765,29141202,29186665,45463
766,29193907,29239481,45574
767,29246658,29292237,45579
768,29299472,29345166,45694
769,29352343,29398042,45699
770,29405287,29451099,45812
771,29458284,29504098,45814
772,29511345,29557268,45923
773,29564447,29610372,45925
774,29617609,29663649,46040
775,29670826,29716866,46040
776,29724104,29770259,46155
777,29777433,29823586,46153
778,29830828,29877091,46263
779,29884286,29930552,46266
780,29937809,29984192,46383
781,29991389,30037773,46384
782,30045020,30091521,46501
783,30098706,30145204,46498
784,30152449,30199065,46616
785,30206250,30252864,46614
786,30260109,30306840,46731
787,30314027,30360761,46734
788,30368006,30421263,53257
789,30430876,30477014,46138
790,30484369,30531346,46977
791,30538518,30585491,46973
792,30592685,30639775,47090
793,30646905,30693987,47082
794,30701177,30748377,47200
795,30755507,30802704,47197
796,30809894,30857210,47316
797,30864344,30911655,47311
798,30918844,30966280,47436
799,30973412,31020843,47431
800,31028032,31075581,47549
801,31082716,31130264,47548
802,31137454,31185113,47659
803,31192245,31239903,47658
804,31247093,31294865,47772
805,31301999,31349773,47774
806,31356961,31404852,47891
807,31411984,31459876,47892
808,31467063,31515073,48010
809,31522205,31570232,48027
810,31577425,31625544,48119
811,31632676,31680796,48120
812,31687986,31736221,48235
813,31743353,31791588,48235
814,31798778,31847131,48353
815,31854266,31902621,48355
816,31909813,31959109,49296
817,31966241,32014709,48468
818,32021901,32070487,48586
819,32077617,32126200,48583
820,32133387,32182089,48702
821,32189221,32237917,48696
822,32245109,32293923,48814
823,32301053,32349867,48814
824,32357056,32405986,48930
825,32413120,32462042,48922
826,32469239,32517790,48551
827,32524920,32581801,56881
828,32590218,32639556,49338
829,32647204,32695547,48343
830,32702779,32751393,48614
831,32758530,32807808,49278
832,32814987,32864383,49396
833,32871507,32920900,49393
834,32928075,32977871,49796
835,32985349,33034860,49511
836,33042433,33092089,49656
837,33099542,33148592,49050
838,33155924,33205675,49751
839,33212890,33262829,49939
840,33270340,33319856,49516
841,33327386,33377248,49862
842,33384425,33434404,49979
843,33441534,33491506,49972
844,33498683,33548782,50099
845,33556000,33606099,50099
846,33613276,33663399,50123
847,33670521,33720725,50204
848,33727995,33778501,50506
849,33786039,33835798,49759
850,33843060,33893663,50603
851,33900803,33950722,49919
852,33957909,34008641,50732
853,34016103,34066421,50318
854,34073616,34124289,50673
855,34131439,34181779,50340
856,34189407,34239735,50328
857,34247263,34298285,51022
858,34305903,34357288,51385
859,34364891,34425403,60512
860,34436159,34487246,51087
861,34494816,34545861,51045
862,34553178,34604047,50869
863,34611322,34662454,51132
864,34669636,34720876,51240
865,34728006,34778965,50959
866,34786145,34837500,51355
867,34844627,34895984,51357
868,34903259,34954732,51473
869,34961859,35013330,51471
870,35020517,35072107,51590
871,35079240,35132910,53670
872,35140228,35202577,62349
873,35216247,35282044,65797
874,35302024,35355660,53636
875,35364380,35416340,51960
876,35423705,35475644,51939
877,35482898,35534903,52005
878,35542158,35594425,52267
879,35601985,35653997,52012
880,35661605,35713827,52222
881,35721147,35773310,52163
882,35780514,35832794,52280
883,35840026,35892306,52280
884,35899501,35951896,52395
885,35959028,36011428,52400
886,36018630,36071141,52511
887,36078528,36131071,52543
888,36138376,36189937,51561
889,36197162,36249920,52758
890,36257433,36310342,52909
891,36317830,36370641,52811
892,36377806,36430664,52858
893,36437786,36490643,52857
894,36497820,36550801,52981
895,36557916,36611028,53112
896,36618495,36671720,53225
897,36679163,36733816,54653
898,36741650,36794634,52984
899,36802169,36854589,52420
900,36861882,36915460,53578
901,36922907,36976360,53453
902,36984134,37037278,53144
903,37045009,37098447,53438
904,37105922,37159467,53545
905,37166629,37220616,53987
906,37228485,37282341,53856
907,37289801,37342818,53017
908,37363174,37417301,54127
909,37425335,37479211,53876
910,37486543,37554994,68451
911,37566088,37620102,54014
912,37627766,37681812,54046
913,37689004,37743031,54027
914,37750271,37804410,54139
915,37811585,37865724,54139
916,37872969,37927223,54254
917,37934405,37988663,54258
918,37995905,38050275,54370
919,38057452,38111824,54372
920,38119059,38173760,54701
921,38181450,38235936,54486
922,38243190,38297788,54598
923,38304975,38359571,54596
924,38366903,38433207,66304
925,38443559,38498305,54746
926,38505838,38560666,54828
927,38567901,38622942,55041
928,38630658,38685732,55074
929,38692952,38747896,54944
930,38755203,38810270,55067
931,38817509,38872568,55059
932,38879803,38934977,55174
933,38942152,38997329,55177
934,39004564,39060049,55485
935,39067614,39122909,55295
936,39130159,39185586,55427
937,39192863,39248268,55405
938,39255498,39311021,55523
939,39318198,39373715,55517
940,39380948,39436583,55635
941,39443810,39499506,55696
942,39506738,39562536,55798
943,39569711,39625161,55450
944,39632827,39688417,55590
945,39695616,39757173,61557
946,39768874,39830170,61296
947,39839287,39895308,56021
948,39902781,39958893,56112
949,39972588,40037819,65231
950,40047469,40103891,56422
951,40111648,40167854,56206
952,40175515,40231867,56352
953,40239150,40295479,56329
954,40302744,40357775,55031
955,40364975,40421412,56437
956,40428765,40485483,56718
957,40493174,40549729,56555
958,40556999,40613666,56667
959,40620871,40677541,56670
960,40684801,40741038,56237
961,40748701,40805479,56778
962,40812835,40869823,56988
963,40877078,40933981,56903
964,40941224,40998493,57269
965,41006126,41062150,56024
966,41069407,41126544,57137
967,41133829,41191105,57276
968,41198709,41255960,57251
969,41263160,41320409,57249
970,41327672,41385036,57364
971,41392238,41449603,57365
972,41456865,41514350,57485
973,41521710,41579192,57482
974,41586450,41644047,57597
975,41651249,41708844,57595
976,41716102,41773817,57715
977,41781017,41838730,57713
978,41845989,41903817,57828
979,41911017,41968845,57828
980,41976103,42035732,59629
981,42042937,42101031,58094
982,42108632,42166690,58058
983,42173900,42231956,58056
984,42239216,42297390,58174
985,42304590,42362763,58173
986,42370023,42436682,66659
987,42446561,42504966,58405
988,42512393,42569352,56959
989,42576529,42634928,58399
990,42642136,42699179,57043
991,42706369,42764886,58517
992,42772091,42830724,58633
993,42837956,42896586,58630
994,42903791,42962538,58747
995,42969683,43028428,58745
996,43035635,43094496,58861
997,43101651,43160511,58860
998,43167716,43226697,58981
999,43233909,43292885,58976
1000,43300097,43359188,59091
1001,43366470,43425411,58941
1002,43433047,43491376,58329
1003,43498689,43557895,59206
1004,43565125,43624449,59324
1005,43631709,43691036,59327
1006,43698318,43757757,59439
1007,43764970,43824407,59437
1008,43831684,43891239,59555
1009,43898453,43958006,59553
1010,43965218,44024888,59670
1011,44032158,44091825,59667
1012,44099037,44158823,59786
1013,44166095,44225880,59785
1014,44233163,44293063,59900
1015,44300280,44360184,59904
1016,44367446,44427462,60016
1017,44434674,44494692,60018
1018,44501905,44562041,60136
1019,44569310,44629449,60139
1020,44636661,44696058,59397
1021,44703318,44763567,60249
1022,44770849,44831211,60362
1023,44838426,44898820,60394
1024,44906092,44966572,60480
1025,44973779,45034253,60474
1026,45041571,45101812,60241
1027,45109177,45169870,60693
1028,45177267,45237977,60710
1029,45245240,45305947,60707
1030,45313230,45374055,60825
1031,45381267,45442090,60823
1032,45449355,45510293,60938
1033,45517505,45578448,60943
1034,45585660,45646716,61056
1035,45653991,45715044,61053
1036,45722256,45783427,61171
1037,45790695,45851866,61171
1038,45859148,45920435,61287
1039,45927647,45988936,61289
1040,45996201,46057600,61399
1041,46064812,46126214,61402
1042,46133428,46194948,61520
1043,46202215,46263734,61519
1044,46270952,46332586,61634
1045,46339846,46401481,61635
1046,46447822,46509797,61975
1047,46520137,46582108,61971
1048,46589941,46651827,61886
1049,46659031,46720904,61873
1050,46728074,46790062,61988
1051,46797269,46859257,61988
1052,46875523,46944889,69366
1053,46953439,47015465,62026
1054,47022993,47085239,62246
1055,47092609,47153490,60881
1056,47160815,47223163,62348
1057,47230501,47293038,62537
1058,47300681,47363138,62457
1059,47370458,47432912,62454
1060,47440179,47502751,62572
1061,47510064,47572636,62572
1062,47579963,47642650,62687
1063,47649903,47712592,62689
1064,47719890,47782692,62802
1065,47789942,47852742,62800
1066,47859989,47922907,62918
1067,47930215,47993135,62920
1068,48000392,48063425,63033
1069,48070733,48133763,63030
1070,48141116,48204264,63148
1071,48211546,48274697,63151
1072,48282007,48345276,63269
1073,48352536,48415802,63266
1074,48423059,48486596,63537
1075,48494204,48557583,63379
1076,48564850,48628447,63597
1077,48635807,48699309,63502
1078,48706684,48770296,63612
1079,48777573,48841275,63702
1080,48848590,48912315,63725
1081,48919577,48983377,63800
1082,48990642,49054833,64191
1083,49062697,49126697,64000
1084,49134711,49199005,64294
1085,49207021,49271037,64016
1086,49278352,49342525,64173
1087,49350291,49412725,62434
1088,49420188,49483679,63491
1089,49491180,49555546,64366
1090,49563079,49627390,64311
1091,49634815,49699339,64524
1092,49706885,49771562,64677
1093,49779431,49844123,64692
1094,49851751,49916480,64729
1095,49924184,49988756,64572
1096,49996058,50060830,64772
1097,50068098,50132842,64744
1098,50140205,50205065,64860
1099,50212863,50277826,64963
1100,50285489,50350377,64888
1101,50357631,50431666,74035
1102,50441675,50506718,65043
1103,50514271,50579276,65005
1104,50586663,50651779,65116
1105,50659106,50724217,65111
1106,50731447,50796675,65228
1107,50804025,50869414,65389
1108,50876949,50941225,64276
1109,50948901,51014245,65344
1110,51021602,51087058,65456
1111,51094273,51159732,65459
1112,51166987,51232596,65609
1113,51239811,51305385,65574
1114,51312670,51378354,65684
1115,51385719,51451434,65715
1116,51458914,51524724,65810
1117,51531994,51597791,65797
1118,51605035,51671046,66011
1119,51678335,51744250,65915
1120,51751498,51817528,66030
1121,51824720,51890750,66030
1122,51897947,51964090,66143
1123,51971350,52037496,66146
1124,52044858,52111362,66504
1125,52118993,52185286,66293
1126,52193105,52259646,66541
1127,52267405,52334119,66714
1128,52342106,52407524,65418
1129,52415138,52481649,66511
1130,52488896,52555698,66802
1131,52563434,52630647,67213
1132,52638894,52705706,66812
1133,52713270,52778783,65513
1134,52786585,52852978,66393
1135,52860256,52927231,66975
1136,52934814,53000132,65318
1137,53007372,53074670,67298
1138,53082213,53149288,67075
1139,53156613,53223688,67075
1140,53230906,53298099,67193
1141,53305359,53372549,67190
1142,53379836,53447142,67306
1143,53454372,53521678,67306
1144,53528945,53596368,67423
1145,53603581,53671002,67421
1146,53678214,53745750,67536
1147,53753018,53820556,67538
1148,53827766,53895420,67654
1149,53902680,53970334,67654
1150,53977616,54045386,67770
1151,54052593,54120362,67769
1152,54127625,54195509,67884
1153,54202719,54270601,67882
1154,54277813,54345811,67998
1155,54353081,54427909,74828
1156,54437708,54505865,68157
1157,54513228,54581358,68130
1158,54588606,54656849,68243
1159,54664016,54732261,68245
1160,54739473,54807827,68354
1161,54814986,54883337,68351
1162,54890499,54958968,68469
1163,54966190,55034658,68468
1164,55041823,55110409,68586
1165,55117664,55186248,68584
1166,55193450,55262149,68699
1167,55269309,55338008,68699
1168,55345220,55414034,68814
1169,55421189,55490006,68817
1170,55497165,55566095,68930
1171,55573317,55642247,68930
1172,55649406,55718451,69045
1173,55725664,55794708,69044
1174,55801913,55871076,69163
1175,55878235,55947396,69161
1176,55954605,56023883,69278
1177,56031040,56100318,69278
1178,56107478,56176869,69391
1179,56184093,56253484,69391
1180,56260644,56330152,69508
1181,56337362,56406870,69508
1182,56414073,56483699,69626
1183,56490861,56560485,69624
1184,56567697,56637436,69739
1185,56644593,56714332,69739
1186,56721494,56791349,69855
1187,56798571,56868425,69854
1188,56875585,56945554,69969
1189,56952766,57022736,69970
1190,57029938,57100026,70088
1191,57107190,57177275,70085
1192,57184492,57254693,70201
1193,57261855,57332057,70202
1194,57347366,57417805,70439
1195,57425568,57495889,70321
1196,57503106,57573516,70410
1197,57580796,57651212,70416
1198,57658492,57729020,70528
1199,57736235,57806766,70531
1200,57814021,57884662,70641
1201,57891872,57962515,70643
1202,57969728,58040484,70756
1203,58047751,58118510,70759
1204,58125723,58196597,70874
1205,58203859,58274734,70875
1206,58282016,58353005,70989
1207,58360210,58440064,79854
1208,58450819,58520245,69426
1209,58527688,58598823,71135
1210,58606067,58677335,71268
1211,58684628,58755868,71240
1212,58763085,58834440,71355
1213,58841695,58913048,71353
1214,58920325,58991796,71471
1215,58998998,59070469,71471
1216,59077726,59149312,71586
1217,59156514,59228100,71586
1218,59235303,59307009,71706
1219,59314264,59385967,71703
1220,59393175,59465079,71904
1221,59472334,59544173,71839
1222,59551535,59623467,71932
1223,59630674,59702606,71932
1224,59709861,59781911,72050
1225,59789113,59861160,72047
1226,59868364,59940524,72160
1227,59947782,60019944,72162
1228,60027149,60099426,72277
1229,60106681,60178959,72278
1230,60186236,60258631,72395
1231,60265836,60338232,72396
1232,60345486,60417995,72509
1233,60425199,60497707,72508
1234,60504910,60577533,72623
1235,60584790,60657414,72624
1236,60664624,60737365,72741
1237,60744617,60817358,72741
1238,60824633,60897490,72857
1239,60904697,60977551,72854
1240,60984808,61057777,72969
1241,61064982,61137951,72969
1242,61145156,61218241,73085
1243,61225495,61298585,73090
1244,61305787,61378992,73205
1245,61386247,61459449,73202
1246,61466724,61540042,73318
1247,61547249,61620566,73317
1248,61627821,61701254,73433
1249,61708459,61781892,73433
1250,61789091,61862642,73551
1251,61869897,61943445,73548
1252,61950652,62024316,73664
1253,62031568,62105234,73666
1254,62112509,62186287,73778
1255,62193495,62267273,73778
1256,62274531,62348425,73894
1257,62355629,62435871,80242
1258,62445424,62519446,74022
1259,62526846,62601045,74199
1260,62608255,62682385,74130
1261,62689614,62763744,74130
1262,62770981,62845219,74238
1263,62852386,62925360,72974
1264,62932687,63007040,74353
1265,63014205,63088557,74352
1266,63095727,63170192,74465
1267,63177419,63251890,74471
1268,63259054,63333637,74583
1269,63340857,63415440,74583
1270,63422678,63497376,74698
1271,63504548,63579247,74699
1272,63586469,63661282,74813
1273,63668447,63743258,74811
1274,63750428,63825359,74931
1275,63832589,63907518,74929
1276,63914685,63989732,75047
1277,63996949,64071993,75044
1278,64079231,64154393,75162
1279,64161557,64236719,75162
1280,64243939,64319216,75277
1281,64326378,64401658,75280
1282,64408825,64484215,75390
1283,64491445,64566840,75395
1284,64574010,64649517,75507
1285,64656740,64732248,75508
1286,64739490,64815113,75623
1287,64822278,64897901,75623
1288,64905123,64980859,75736
1289,64988026,65063762,75736
1290,65070929,65146785,75856
1291,65154010,65229866,75856
1292,65237036,65313004,75968
1293,65320229,65396228,75999
1294,65403503,65479587,76084
1295,65486752,65562836,76084
1296,65570058,65646258,76200
1297,65653425,65729627,76202
1298,65736794,65813111,76317
1299,65820336,65896653,76317
1300,65903818,65980250,76432
1301,65987470,66063900,76430
1302,66071137,66147685,76548
1303,66154850,66231398,76548
1304,66238617,66315286,76669
1305,66322448,66404456,82008
1306,66413981,66490812,76831
1307,66498190,66574998,76808
1308,66582213,66659107,76894
1309,66666334,66743230,76896
1310,66750445,66827451,77006
1311,66834626,66911635,77009
1312,66918852,66995974,77122
1313,67003146,67080267,77121
1314,67087435,67164674,77239
1315,67171904,67249143,77239
1316,67256313,67333668,77355
1317,67340882,67418237,77355
1318,67425454,67502927,77473
1319,67510096,67587566,77470
1320,67594784,67672369,77585
1321,67679534,67757121,77587
1322,67764293,67841996,77703
1323,67849221,67926924,77703
1324,67934104,68012073,77969
1325,68019876,68097700,77824
1326,68105125,68183061,77936
1327,68190303,68268237,77934
1328,68275574,68353621,78047
1329,68360823,68438869,78046
1330,68446074,68524238,78164
1331,68531501,68609667,78166
1332,68616867,68695146,78279
1333,68702409,68780445,78036
1334,68788088,68866486,78398
1335,68880271,68958811,78540
1336,68966642,69045157,78515
1337,69052435,69130942,78507
1338,69138212,69216835,78623
1339,69224165,69302790,78625
1340,69310050,69388788,78738
1341,69396093,69474833,78740
1342,69482156,69561009,78853
1343,69568272,69647125,78853
1344,69654437,69733576,79139
1345,69741242,69820268,79026
1346,69827486,69906747,79261
1347,69914346,69993437,79091
1348,70000649,70079858,79209
1349,70087093,70166325,79232
1350,70173590,70252914,79324
1351,70260109,70339431,79322
1352,70346678,70466607,119929
1353,70477117,70556617,79500
1354,70564100,70643670,79570
1355,70650955,70730515,79560
1356,70737702,70817372,79670
1357,70824549,70904220,79671
1358,70911457,70991278,79821
1359,70998455,71078245,79790
1360,71085473,71165439,79966
1361,71172661,71252569,79908
1362,71259749,71339765,80016
1363,71346992,71427013,80021
1364,71434185,71514522,80337
1365,71522053,71602189,80136
1366,71609459,71689703,80244
1367,71696895,71777139,80244
1368,71784369,71864729,80360
1369,71871958,71952318,80360
1370,71959505,72039980,80475
1371,72047214,72127689,80475
1372,72134874,72215464,80590
1373,72222643,72303233,80590
1374,72310478,72391183,80705
1375,72398370,72479076,80706
1376,72486308,72567131,80823
1377,72574358,72655181,80823
1378,72662368,72743304,80936
1379,72750539,72831475,80936
1380,72838659,72919713,81054
1381,72926895,73007949,81054
1382,73015193,73096360,81167
1383,73103547,73184713,81166
1384,73191946,73273227,81281
1385,73280459,73361744,81285
1386,73368931,73450330,81399
1387,73457565,73538962,81397
1388,73546149,73627664,81515
1389,73634843,73716358,81515
1390,73723603,73805233,81630
1391,73812420,73894050,81630
1392,73901282,73983030,81748
1393,73990260,74072005,81745
1394,74079192,74161052,81860
1395,74168285,74250145,81860
1396,74257330,74339306,81976
1397,74346490,74439397,92907
1398,74449514,74531652,82138
1399,74538940,74621064,82124
1400,74628348,74710562,82214
1401,74717840,74800053,82213
1402,74807261,74889582,82321
1403,74896835,74979159,82324
1404,74986356,75068795,82439
1405,75075995,75158432,82437
1406,75165697,75248397,82700
1407,75255922,75338479,82557
1408,75345792,75428454,82662
1409,75435747,75518411,82664
1410,75525636,75608449,82813
1411,75615814,75698594,82780
1412,75705814,75788707,82893
1413,75795927,75898026,102099
1414,75912219,75995386,83167
1415,76003104,76086132,83028
1416,76093425,76176558,83133
1417,76183873,76267044,83171
1418,76274292,76355378,81086
1419,76362700,76445947,83247
1420,76453267,76536631,83364
1421,76543883,76627245,83362
1422,76634547,76718024,83477
1423,76725271,76808745,83474
1424,76816000,76899590,83590
1425,76906910,76990505,83595
1426,76997762,77081467,83705
1427,77088772,77172479,83707
1428,77179807,77263629,83822
1429,77270879,77354704,83825
1430,77362004,77445945,83941
1431,77453194,77537130,83936
1432,77544382,77628435,84053
1433,77635735,77719789,84054
1434,77727043,77811212,84169
1435,77818517,77902685,84168
1436,77910010,77994294,84284
1437,78001544,78085830,84286
1438,78093133,78177534,84401
1439,78184784,78269183,84399
1440,78276435,78360950,84515
1441,78368250,78461460,93210
1442,78471348,78556013,84665
1443,78563484,78648133,84649
1444,78655478,78740223,84745
1445,78747455,78832200,84745
1446,78839485,78924345,84860
1447,78931565,79016425,84860
1448,79023655,79108630,84975
1449,79115915,79200891,84976
1450,79208120,79293211,85091
1451,79300486,79385579,85093
1452,79392887,79478093,85206
1453,79485315,79570523,85208
1454,79577801,79663122,85321
1455,79670342,79755663,85321
1456,79762898,79848334,85436
1457,79855619,79941056,85437
1458,79948286,80033837,85551
1459,80041140,80126694,85554
1460,80133987,80219656,85669
1461,80226878,80312548,85670
1462,80319825,80405610,85785
1463,80412837,80498622,85785
1464,80505847,80591745,85898
1465,80599027,80684930,85903
1466,80692152,80778165,86013
1467,80785442,80871458,86016
1468,80878750,80964881,86131
1469,80972108,81058239,86131
1470,81065516,81151762,86246
1471,81158984,81245230,86246
1472,81252453,81338816,86363
1473,81346099,81432460,86361
1474,81439692,81526166,86474
1475,81533449,81619925,86476
1476,81635608,81722397,86789
1477,81730028,81816615,86587
1478,81823887,81910587,86700
1479,81917807,82004506,86699
1480,82011728,82098588,86860
1481,82105863,82192680,86817
1482,82199898,82286830,86932
1483,82294098,82381030,86932
1484,82388318,82542185,153867
1485,82552713,82639776,87063
1486,82647191,82734379,87188
1487,82741672,82828143,86471
1488,82835355,82922641,87286
1489,82929899,83017182,87283
1490,83024392,83111793,87401
1491,83118998,83206401,87403
1492,83213656,83301173,87517
1493,83308392,83395911,87519
1494,83403169,83490801,87632
1495,83498060,83585725,87665
1496,83592929,83680699,87770
1497,83687964,83775711,87747
1498,83782928,83870793,87865
1499,83878008,83965873,87865
1500,83973135,84061118,87983
1501,84068335,84156320,87985
1502,84163587,84251685,88098
1503,84258947,84347045,88098
1504,84354265,84442573,88308
1505,84449838,84538082,88244
1506,84545296,84633645,88349
1507,84640857,84729183,88326
1508,84736443,84824884,88441
1509,84832106,84920547,88441
1510,84927815,85016371,88556
1511,85023631,85112188,88557
1512,85119407,85208082,88675
1513,85215346,85304018,88672
1514,85311238,85400027,88789
1515,85407242,85496029,88787
1516,85503294,85592196,88902
1517,85599414,85688318,88904
1518,85695581,85784601,89020
1519,85791861,85880881,89020
1520,85888098,85977233,89135
1521,85984501,86073634,89133
1522,86080851,86170099,89248
1523,86177314,86266562,89248
1524,86273827,86363193,89366
1525,86370410,86465915,95505
1526,86475466,86564980,89514
1527,86572385,86661876,89491
1528,86669091,86758687,89596
1529,86765927,86855526,89599
1530,86862711,86952422,89711
1531,86959617,87049329,89712
1532,87056604,87146426,89822
1533,87153613,87243440,89827
1534,87250680,87340622,89942
1535,87347879,87437821,89942
1536,87445009,87535069,90060
1537,87542311,87632369,90058
1538,87639551,87729726,90175
1539,87736916,87827089,90173
1540,87834338,87924627,90289
1541,87931814,88022104,90290
1542,88029342,88119750,90408
1543,88127005,88217408,90403
1544,88224598,88315119,90521
1545,88322359,88412878,90519
1546,88420065,88510699,90634
1547,88517888,88608525,90637
1548,88615772,88706524,90752
1549,88713711,88804463,90752
1550,88811705,88902572,90867
1551,88909827,89000696,90869
1552,89007884,89098863,90979
1553,89106106,89197088,90982
1554,89204273,89295373,91100
1555,89302560,89393657,91097
1556,89400905,89492117,91212
1557,89499305,89590517,91212
1558,89597760,89689088,91328
1559,89696348,89787676,91328
1560,89794863,89886306,91443
1561,89893546,89984992,91446
1562,89992177,90083738,91561
1563,90090925,90182484,91559
1564,90189736,90281410,91674
1565,90288600,90380276,91676
1566,90393056,90484896,91840
1567,90494023,90586012,91989
1568,90593174,90685086,91912
1569,90692331,90784236,91905
1570,90791400,90883413,92013
1571,90890565,90982584,92019
1572,90989792,91081927,92135
1573,91089081,91181211,92130
1574,91188426,91280669,92243
1575,91287888,91380134,92246
1576,91387286,91479644,92358
1577,91486846,91579207,92361
1578,91586356,91678835,92479
1579,91685982,91778460,92478
1580,91785667,91878258,92591
1581,91885410,91978002,92592
1582,91985206,92077910,92704
1583,92085135,92177839,92704
1584,92184996,92277820,92824
1585,92285022,92377844,92822
1586,92384996,92477933,92937
1587,92485090,92578027,92937
1588,92585239,92678291,93052
1589,92685448,92778501,93053
1590,92785703,92878870,93167
1591,92886095,92979263,93168
1592,92986417,93079703,93286
1593,93086900,93180182,93282
1594,93187335,93280733,93398
1595,93287890,93381290,93400
1596,93388497,93482013,93516
1597,93489168,93582681,93513
1598,93589883,93683514,93631
1599,93690737,93784365,93628
1600,93791520,93885269,93749
1601,93892479,93986222,93743
1602,93993379,94087241,93862
1603,94094391,94188252,93861
1604,94195462,94289439,93977
1605,94296594,94453438,156844
1606,94463575,94558021,94446
1607,94565270,94659408,94138
1608,94666590,94760807,94217
1609,94768009,94862229,94220
1610,94869449,94963785,94336
1611,94970937,95065272,94335
1612,95072472,95166920,94448
1613,95174077,95268527,94450
1614,95275669,95370235,94566
1615,95377440,95472006,94566
1616,95479158,95573836,94678
1617,95587715,95682536,94821
1618,95690194,95784986,94792
1619,95792143,95886934,94791
1620,95894144,95989053,94909
1621,95996198,96091102,94904
1622,96098254,96193271,95017
1623,96200483,96295497,95014
1624,96302649,96397784,95135
1625,96404989,96500121,95132
1626,96507343,96602591,95248
1627,96609745,96704990,95245
1628,96712195,96807558,95363
1629,96814705,96910067,95362
1630,96917217,97012695,95478
1631,97019900,97115378,95478
1632,97122522,97218141,95619
1633,97225340,97320934,95594
1634,97328153,97423862,95709
1635,97431014,97526723,95709
1636,97533925,97629749,95824
1637,97636893,97732717,95824
1638,97739864,97835803,95939
1639,97843010,97938950,95940
1640,97946097,98042151,96054
1641,98049348,98145408,96060
1642,98152622,98248797,96175
1643,98255942,98352119,96177
1644,98359316,98462199,102883
1645,98471807,98568130,96323
1646,98575440,98671847,96407
1647,98679097,98775507,96410
1648,98782669,98879195,96526
1649,98886347,98982868,96521
1650,98990080,99086716,96636
1651,99093870,99190506,96636
1652,99197708,99294459,96751
1653,99301686,99398438,96752
1654,99405597,99502463,96866
1655,99509666,99606534,96868
1656,99613687,99710668,96981
1657,99717818,99814799,96981
1658,99822012,99919108,97096
1659,99926266,100023362,97096
1660,100030550,100127759,97209
1661,100134986,100232199,97213
1662,100239441,100336771,97330
1663,100343991,100441318,97327
1664,100448540,100545986,97446
1665,100553158,100650603,97445
1666,100657785,100755345,97560
1667,100762503,100860061,97558
1668,100867230,100964908,97678
1669,100972131,101069806,97675
1670,101077051,101174842,97791
1671,101182060,101279851,97791
1672,101287073,101384977,97904
1673,101392151,101490058,97907
1674,101497240,101595261,98021
1675,101602418,101700440,98022
1676,101707610,101805749,98139
1677,101812971,101911133,98162
1678,101918373,102016625,98252
1679,102023845,102122097,98252
1680,102129322,102227689,98367
1681,102234859,102333229,98370
1682,102340411,102445016,104605
1683,102454458,102552951,98493
1684,102560228,102658836,98608
1685,102666041,102764677,98636
1686,102771909,102870625,98716
1687,102877872,102976585,98713
1688,102983817,103082646,98829
1689,103089873,103188702,98829
1690,103195879,103294823,98944
1691,103302012,103400959,98947
1692,103408126,103507187,99061
1693,103514362,103613426,99064
1694,103620658,103719835,99177
1695,103727077,103826254,99177
1696,103833476,103932769,99293
1697,103939988,104039283,99295
1698,104046458,104145865,99407
1699,104153055,104252462,99407
1700,104259629,104359152,99523
1701,104366331,104465854,99523
1702,104473086,104572724,99638
1703,104579969,104679607,99638
1704,104686832,104786588,99756
1705,104793827,104893583,99756
1706,104900760,105000629,99869
1707,105007826,105107694,99868
1708,105114862,105214848,99986
1709,105222027,105322014,99987
1710,105329246,105429348,100102
1711,105436602,105536704,100102
1712,105543964,105644181,100217
1713,105651415,105751635,100220
1714,105758872,105859202,100330
1715,105866434,105966766,100332
1716,105973996,106074446,100450
1717,106081675,106182123,100448
1718,106189358,106289920,100562
1719,106297153,106455997,158844
1720,106466186,106566902,100716
1721,106574259,106674950,100691
1722,106682202,106783003,100801
1723,106790228,106891036,100808
1724,106898258,106999179,100921
1725,107006429,107107347,100918
1726,107114572,107215603,101031
1727,107222828,107323859,101031
1728,107331084,107432228,101144
1729,107439453,107540600,101147
1730,107547822,107649086,101264
1731,107656308,107757570,101262
1732,107764795,107866175,101380
1733,107873397,107974774,101377
1734,107981999,108083491,101492
1735,108090713,108192206,101493
1736,108199438,108301046,101608
1737,108308270,108409878,101608
1738,108417103,108518826,101723
1739,108526050,108627773,101723
1740,108634998,108736836,101838
1741,108744061,108845899,101838
1742,108853124,108955080,101956
1743,108962302,109064256,101954
1744,109071488,109173557,102069
1745,109180784,109282855,102071
1746,109290083,109392269,102186
1747,109399494,109501678,102184
1748,109508905,109611204,102299
1749,109618434,109720736,102302
1750,109727966,109830383,102417
1751,109847491,109947237,99746
1752,109955256,110057811,102555
1753,110065056,110167598,102542
1754,110174838,110277498,102660
1755,110284733,110393986,109253
1756,110403622,110503525,99903
1757,110510883,110613666,102783
1758,110620951,110723849,102898
1759,110731109,110834007,102898
1760,110841254,110944263,103009
1761,110951500,111054509,103009
1762,111061748,111164872,103124
1763,111172107,111275228,103121
1764,111282466,111385702,103236
1765,111392939,111496178,103239
1766,111503426,111606780,103354
1767,111614012,111717367,103355
1768,111724609,111828079,103470
1769,111835313,111938783,103470
1770,111946033,112049618,103585
1771,112056865,112160450,103585
1772,112167692,112271395,103703
1773,112278640,112382342,103702
1774,112389587,112493405,103818
1775,112500650,112604470,103820
1776,112611715,112715646,103931
1777,112722890,112826821,103931
1778,112834066,112938109,104043
1779,112945354,113049400,104046
1780,113056645,113160806,104161
1781,113168051,113272215,104164
1782,113279455,113383734,104279
1783,113390978,113495260,104282
1784,113502505,113606899,104394
1785,113614144,113718543,104399
1786,113725786,113830295,104509
1787,113837537,113942047,104510
1788,113949289,114053914,104625
1789,114061156,114165781,104625
1790,114173026,114277766,104740
1791,114285009,114394959,109950
1792,114404411,114509294,104883
1793,114516619,114621487,104868
1794,114628712,114733685,104973
1795,114740892,114845863,104971
1796,114853070,114958159,105089
1797,114965361,115070449,105088
1798,115077654,115182858,105204
1799,115190060,115295264,105204
1800,115302468,115407785,105317
1801,115414990,115520306,105316
1802,115527513,115632948,105435
1803,115640150,115745582,105432
1804,115752789,115858338,105549
1805,115865541,115971090,105549
1806,115978297,116083962,105665
1807,116091164,116196829,105665
1808,116204036,116309814,105778
1809,116317019,116422796,105777
1810,116430004,116535899,105895
1811,116543104,116648997,105893
1812,116656204,116762214,106010
1813,116769419,116875430,106011
1814,116882637,116988763,106126
1815,116995965,117102091,106126
1816,117109298,117215539,106241
1817,117222742,117328983,106241
1818,117336190,117442549,106359
1819,117449751,117556108,106357
1820,117563315,117669787,106472
1821,117676991,117783466,106475
1822,117790670,117897260,106590
1823,117904462,118011052,106590
1824,118018256,118124961,106705
1825,118132164,118238866,106702
1826,118246073,118352893,106820
1827,118360098,118480770,120672
1828,118490982,118597920,106938
1829,118605295,118712241,106946
1830,118719498,118826538,107040
1831,118833753,118940789,107036
1832,118948011,119055164,107153
1833,119062402,119169553,107151
1834,119176775,119284046,107271
1835,119291266,119398532,107266
1836,119405752,119513168,107416
1837,119520385,119627804,107419
1838,119635024,119742523,107499
1839,119749741,119857237,107496
1840,119864487,119972102,107615
1841,119979324,120086941,107617
1842,120094166,120201898,107732
1843,120209115,120316842,107727
1844,120324062,120431907,107845
1845,120439125,120546972,107847
1846,120554192,120662152,107960
1847,120669369,120777330,107961
1848,120784549,120892625,108076
1849,120899842,121007920,108078
1850,121015138,121123331,108193
1851,121130548,121238744,108196
1852,121245964,121354273,108309
1853,121361517,121469826,108309
1854,121477046,121585467,108421
1855,121592684,121701108,108424
1856,121708328,121816865,108537
1857,121824082,121932624,108542
1858,121939843,122048530,108687
1859,122055745,122164422,108677
1860,122171639,122280409,108770
1861,122287626,122401990,114364
1862,122411477,122520397,108920
1863,122527735,122636625,108890
1864,122643857,122752865,109008
1865,122760072,122869080,109008
1866,122876290,122985408,109118
1867,122992608,123101726,109118
1868,123108928,123218161,109233
1869,123225361,123334592,109231
1870,123341796,123451143,109347
1871,123458345,123567691,109346
1872,123574896,123684395,109499
1873,123691599,123801061,109462
1874,123808270,123917850,109580
1875,123925049,124034626,109577
1876,124041831,124151523,109692
1877,124158727,124268422,109695
1878,124275629,124385439,109810
1879,124399377,124509468,110091
1880,124517341,124627289,109948
1881,124634531,124744464,109933
1882,124751698,124861746,110048
1883,124868974,124979019,110045
1884,124986244,125096402,110158
1885,125103624,125213790,110166
1886,125221017,125331295,110278
1887,125338520,125448801,110281
1888,125456028,125566417,110389
1889,125573639,125684025,110386
1890,125691250,125801754,110504
1891,125808973,125924584,115611
1892,125940457,126062451,121994
1893,126074029,126184716,110687
1894,126192241,126302983,110742
1895,126310276,126433247,122971
1896,126443484,126551306,107822
1897,126558771,126669634,110863
1898,126676964,126787934,110970
1899,126795224,126906194,110970
1900,126913489,127024574,111085
1901,127031869,127142957,111088
1902,127150244,127261450,111206
1903,127268737,127379943,111206
1904,127387232,127498546,111314
1905,127505836,127617149,111313
1906,127624444,127735873,111429
1907,127743162,127854594,111432
1908,127861881,127973427,111546
1909,127980715,128116669,135954
1910,128125829,128234541,108712
1911,128242024,128353685,111661
1912,128361033,128472782,111749
1913,128480120,128591869,111749
1914,128599194,128711059,111865
1915,128718379,128830246,111867
1916,128837569,128949551,111982
1917,128956871,129068853,111982
1918,129076173,129188274,112101
1919,129195591,129307691,112100
1920,129315014,129427224,112210
1921,129434547,129546760,112213
1922,129554082,129666410,112328
1923,129673730,129786059,112329
1924,129793381,129905825,112444
1925,129913145,130025691,112546
1926,130033013,130145572,112559
1927,130152892,130265451,112559
1928,130272774,130448465,175691
1929,130458908,130571632,112724
1930,130579070,130691881,112811
1931,130699169,130811971,112802
1932,130819243,130932160,112917
1933,130939423,131052342,112919
1934,131059610,131172645,113035
1935,131179912,131292979,113067
1936,131300247,131413397,113150
1937,131420659,131533810,113151
1938,131541074,131654342,113268
1939,131661607,131774870,113263
1940,131782138,131895518,113380
1941,131902783,132016164,113381
1942,132023431,132136927,113496
1943,132144190,132257686,113496
1944,132264953,132378564,113611
1945,132385829,132499441,113612
1946,132506705,132620435,113730
1947,132627699,132741426,113727
1948,132748691,132862535,113844
1949,132869798,132983665,113867
1950,132990932,133104889,113957
1951,133112154,133226111,113957
1952,133233378,133347451,114073
1953,133354716,133468788,114072
1954,133476055,133590246,114191
1955,133597510,133711698,114188
1956,133718963,133833268,114305
1957,133840533,133954839,114306
1958,133962106,134076527,114421
1959,134083789,134198210,114421
1960,134205480,134320016,114536
1961,134327283,134447738,120455
1962,134457391,134572060,114669
1963,134579458,134694119,114661
1964,134701412,134816191,114779
1965,134823451,134938227,114776
1966,134945485,135060371,114886
1967,135067631,135182516,114885
1968,135189796,135304798,115002
1969,135312055,135427057,115002
1970,135434309,135549429,115120
1971,135556679,135671797,115118
1972,135679054,135794287,115233
1973,135801539,135916774,115235
1974,135924029,136039475,115446
1975,136046727,136162080,115353
1976,136169332,136284801,115469
1977,136292053,136407521,115468
1978,136414773,136530357,115584
1979,136537614,136653215,115601
1980,136660470,136776169,115699
1981,136783451,136899148,115697
1982,136906405,137022217,115812
1983,137029469,137145316,115847
1984,137152570,137266786,114216
1985,137274035,137389962,115927
1986,137397215,137513257,116042
1987,137520509,137636554,116045
1988,137643804,137759963,116159
1989,137767216,137883376,116160
1990,137890625,138006898,116273
1991,138014150,138130426,116276
1992,138137678,138254066,116388
1993,138261321,138382623,121302
1994,138392131,138508651,116520
1995,138516021,138632537,116516
1996,138639815,138756441,116626
1997,138763698,138880324,116626
1998,138887574,139004310,116736
1999,139011560,139128296,116736
2000,139135543,139252395,116852
2001,139259645,139376494,116849
2002,139383741,139500711,116970
2003,139507955,139624920,116965
2004,139632167,139749252,117085
2005,139756501,139873584,117083
2006,139880836,139998033,117197
2007,140013402,140130958,117556
2008,140138905,140256240,117335
2009,140263597,140380910,117313
2010,140388220,140505650,117430
2011,140512948,140630371,117423
2012,140637663,140755206,117543
2013,140762499,140880040,117541
2014,140887334,141004990,117656
2015,141012290,141129949,117659
2016,141137244,141255015,117771
2017,141262310,141380079,117769
2018,141387369,141505258,117889
2019,141512548,141630432,117884
2020,141637724,141755726,118002
2021,141763016,141881018,118002
2022,141888317,142006435,118118
2023,142013732,142131849,118117
2024,142139146,142257381,118235
2025,142264671,142391248,126577
2026,142401713,142520108,118395
2027,142527508,142645886,118378
2028,142653198,142771676,118478
2029,142778946,142897429,118483
2030,142904699,143023297,118598
2031,143030570,143149170,118600
2032,143156438,143275149,118711
2033,143282419,143401127,118708
2034,143408397,143527223,118826
2035,143534493,143653322,118829
2036,143660589,143779528,118939
2037,143786801,143905745,118944
2038,143913012,144032069,119057
2039,144039339,144158395,119056
2040,144165665,144284837,119172
2041,144292110,144411282,119172
2042,144418549,144537837,119288
2043,144545109,144664396,119287
2044,144671664,144791069,119405
2045,144798341,144917741,119400
2046,144925011,145044529,119518
2047,145051802,145171319,119517
2048,145178587,145298223,119636
2049,145305492,145425128,119636
2050,145432395,145552149,119754
2051,145559416,145679170,119754
2052,145686437,145806301,119864
2053,145813573,145933437,119864
2054,145940707,146060686,119979
2055,146067958,146187940,119982
2056,146195210,146315304,120094
2057,146322574,146449026,126452
2058,146458767,146579024,120257
2059,146586371,146706591,120220
2060,146713853,146834176,120323
2061,146841430,146961753,120323
2062,146968998,147089435,120437
2063,147096682,147217123,120441
2064,147224367,147344316,119949
2065,147351561,147472117,120556
2066,147479361,147600030,120669
2067,147607277,147727948,120671
2068,147735190,147855978,120788
2069,147863221,147984009,120788
2070,147991251,148112153,120902
2071,148119400,148240301,120901
2072,148247546,148368562,121016
2073,148375807,148496824,121017
2074,148504069,148625200,121131
2075,148632448,148753579,121131
2076,148760822,148882071,121249
2077,148889316,149010566,121250
2078,149017808,149139173,121365
2079,149146420,149267780,121360
2080,149275025,149396505,121480
2081,149403752,149525227,121475
2082,149532472,149654067,121595
2083,149661315,149782933,121618
2084,149790175,149911883,121708
2085,149919130,150040839,121709
2086,150048083,150169909,121826
2087,150177154,150298982,121828
2088,150306230,150432762,126532
2089,150442357,150564314,121957
2090,150571654,150693715,122061
2091,150700983,150823036,122053
2092,150830279,150952451,122172
2093,150959695,151081865,122170
2094,151089107,151211394,122287
2095,151218639,151340923,122284
2096,151348176,151470580,122404
2097,151477820,151600225,122405
2098,151607467,151729982,122515
2099,151737227,151859745,122518
2100,151866987,151989620,122633
2101,151996860,152119493,122633
2102,152126735,152249486,122751
2103,152256728,152379478,122750
2104,152386718,152509582,122864
2105,152516821,152639687,122866
2106,152646930,152769906,122976
2107,152777151,152900129,122978
2108,152907372,153030471,123099
2109,153037745,153160837,123092
2110,153168079,153291291,123212
2111,153298533,153421743,123210
2112,153428985,153552332,123347
2113,153559572,153682896,123324
2114,153690138,153813581,123443
2115,153820823,153944265,123442
2116,153951508,154075063,123555
2117,154082308,154205865,123557
2118,154213107,154336778,123671
2119,154344020,154494394,150374
2120,154504591,154628384,123793
2121,154635749,154759550,123801
2122,154766830,154890736,123906
2123,154897990,155021899,123909
2124,155029149,155153170,124021
2125,155160425,155284443,124018
2126,155291693,155415827,124134
2127,155423084,155547216,124132
2128,155554471,155678717,124246
2129,155685975,155810224,124249
2130,155817479,155941841,124362
2131,155949101,156073463,124362
2132,156080715,156205197,124482
2133,156212457,156336939,124482
2134,156344197,156468792,124595
2135,156482437,156607170,124733
2136,156614788,156739511,124723
2137,156746816,156871531,124715
2138,156878821,157003651,124830
2139,157010949,157135782,124833
2140,157143092,157268038,124946
2141,157275338,157400286,124948
2142,157407586,157532647,125061
2143,157539950,157665013,125063
2144,157672311,157797487,125176
2145,157804782,157929961,125179
2146,157937251,158062543,125292
2147,158069840,158195134,125294
2148,158202424,158327834,125410
2149,158335129,158467179,132050
2150,158476907,158602442,125535
2151,158609817,158735349,125532
2152,158742664,158868309,125645
2153,158875592,159001239,125647
2154,159008509,159134267,125758
2155,159141539,159267295,125756
2156,159274565,159400433,125868
2157,159407703,159533576,125873
2158,159540848,159666836,125988
2159,159674111,159800100,125989
2160,159807370,159933476,126106
2161,159940751,160066849,126098
2162,160074119,160200336,126217
2163,160207605,160333822,126217
2164,160341089,160467421,126332
2165,160474688,160601020,126332
2166,160608290,160734737,126447
2167,160742009,160868454,126445
2168,160875723,161002288,126565
2169,161009561,161136120,126559
2170,161143390,161270068,126678
2171,161277335,161404015,126680
2172,161411285,161538078,126793
2173,161545348,161672140,126792
2174,161679408,161806318,126910
2175,161813588,161940496,126908
2176,161947761,162074789,127028
2177,162082057,162209083,127026
2178,162216350,162343491,127141
2179,162350761,162483190,132429
2180,162492700,162619964,127264
2181,162627321,162754585,127264
2182,162761835,162889207,127372
2183,162896454,163023828,127374
2184,163031068,163158558,127490
2185,163165800,163293287,127487
2186,163300529,163428129,127600
2187,163435374,163562976,127602
2188,163570218,163697936,127718
2189,163705178,163832896,127718
2190,163840138,163968006,127868
2191,163975248,164103081,127833
2192,164110323,164238271,127948
2193,164245513,164373464,127951
2194,164380706,164508772,128066
2195,164516012,164644078,128066
2196,164651320,164779499,128179
2197,164786741,164914922,128181
2198,164922164,165050461,128297
2199,165057703,165185999,128296
2200,165193242,165321651,128409
2201,165328896,165457305,128409
2202,165464547,165593074,128527
2203,165600319,165728841,128522
2204,165736086,165864728,128642
2205,165871970,166000612,128642
2206,166007855,166136610,128755
2207,166143854,166272612,128758
2208,166279857,166416328,136471
2209,166426625,166555500,128875
2210,166562850,166691843,128993
2211,166699158,166828131,128973
2212,166835409,166964500,129091
2213,166971774,167100865,129091
2214,167108135,167237339,129204
2215,167244624,167373857,129233
2216,167381132,167510453,129321
2217,167517743,167647067,129324
2218,167654345,167783779,129434
2219,167791056,167920493,129437
2220,167927767,168057319,129552
2221,168064594,168194146,129552
2222,168201423,168331091,129668
2223,168338366,168468033,129667
2224,168475313,168605098,129785
2225,168612377,168742160,129783
2226,168749440,168879340,129900
2227,168886610,169016510,129900
2228,169023785,169153798,130013
2229,169161073,169291088,130015
2230,169298363,169428491,130128
2231,169435764,169565895,130131
2232,169573169,169703413,130244
2233,169710685,169840931,130246
2234,169848206,169978568,130362
2235,169985840,170116204,130364
2236,170123479,170253958,130479
2237,170261263,170397373,136110
2238,170406973,170537585,130612
2239,170544990,170675595,130605
2240,170682900,170813612,130712
2241,170820887,170951606,130719
2242,170958879,171089714,130835
2243,171096988,171227816,130828
2244,171235091,171366033,130942
2245,171373306,171504254,130948
2246,171511526,171642586,131060
2247,171649859,171780919,131060
2248,171788192,171919367,131175
2249,171926640,172057816,131176
2250,172065090,172196381,131291
2251,172203651,172334942,131291
2252,172342215,172473624,131409
2253,172480896,172612300,131404
2254,172619575,172751096,131521
2255,172758369,172889918,131549
2256,172897188,173028824,131636
2257,173036097,173167736,131639
2258,173175011,173306763,131752
2259,173314036,173445788,131752
2260,173453063,173584930,131867
2261,173592207,173724077,131870
2262,173731355,173863340,131985
2263,173876860,174008998,132138
2264,174016691,174148804,132113
2265,174156079,174288187,132108
2266,174295444,174433316,137872
2267,174443054,174575313,132259
2268,174582713,174715061,132348
2269,174722334,174854682,132348
2270,174861927,174994393,132466
2271,175001631,175134090,132459
2272,175141322,175273896,132574
2273,175281123,175413695,132572
2274,175420925,175553611,132686
2275,175560839,175693528,132689
2276,175700758,175833560,132802
2277,175840790,175973592,132802
2278,175980832,176134258,153426
2279,176146267,176279244,132977
2280,176286827,176419873,133046
2281,176427208,176560240,133032
2282,176567555,176700698,133143
2283,176708011,176841154,133143
2284,176848461,176981717,133256
2285,176989017,177122280,133263
2286,177129583,177262961,133378
2287,177270261,177403640,133379
2288,177410939,177544428,133489
2289,177551728,177685217,133489
2290,177692517,177826118,133601
2291,177833421,177967025,133604
2292,177974327,178108044,133717
2293,178115344,178249064,133720
2294,178256368,178400525,144157
2295,178411035,178544890,133855
2296,178552365,178686325,133960
2297,178693648,178827593,133945
2298,178834888,178968948,134060
2299,178976240,179110300,134060
2300,179117593,179251768,134175
2301,179259056,179393231,134175
2302,179400521,179534812,134291
2303,179542116,179676407,134291
2304,179683697,179818101,134404
2305,179825390,179959796,134406
2306,179967089,180101610,134521
2307,180108900,180243421,134521
2308,180250709,180385345,134636
2309,180392635,180527274,134639
2310,180534562,180669318,134756
2311,180676606,180811360,134754
2312,180818650,180953517,134867
2313,180960807,181095677,134870
2314,181102967,181237951,134984
2315,181245239,181380224,134985
2316,181387511,181522611,135100
2317,181529899,181665001,135102
2318,181672289,181807507,135218
2319,181814794,181950007,135213
2320,181957299,182092627,135328
2321,182099915,182235248,135333
2322,182242538,182382903,140365
2323,182392529,182528000,135471
2324,182535387,182670964,135577
2325,182678261,182813822,135561
2326,182821072,182956749,135677
2327,182964001,183098054,134053
2328,183105318,183241108,135790
2329,183248360,183384152,135792
2330,183391407,183527314,135907
2331,183534568,183670473,135905
2332,183677733,183813753,136020
2333,183821008,183957027,136019
2334,183964282,184100452,136170
2335,184107705,184243840,136135
2336,184251092,184387345,136253
2337,184394600,184530853,136253
2338,184538105,184674473,136368
2339,184681728,184818096,136368
2340,184825349,184961834,136485
2341,184969087,185105573,136486
2342,185112825,185249424,136599
2343,185256676,185393277,136601
2344,185400535,185537249,136714
2345,185544511,185681225,136714
2346,185688487,185825317,136830
2347,185832576,185969406,136830
2348,185976666,186113610,136944
2349,186120867,186257814,136947
2350,186265072,186407412,142340
2351,186416922,186554002,137080
2352,186561379,186698567,137188
2353,186705839,186843024,137185
2354,186850269,186987570,137301
2355,186994799,187132095,137296
2356,187139325,187276735,137410
2357,187283965,187421376,137411
2358,187428605,187566129,137524
2359,187573364,187710887,137523
2360,187718117,187855761,137644
2361,187862995,188000634,137639
2362,188007866,188145623,137757
2363,188152853,188290629,137776
2364,188297861,188435731,137870
2365,188442993,188580865,137872
2366,188588099,188726084,137985
2367,188733319,188871301,137982
2368,188878536,189016635,138099
2369,189023870,189161970,138100
2370,189169200,189307417,138217
2371,189314650,189452865,138215
2372,189460099,189598430,138331
2373,189605662,189743995,138333
2374,189751227,189889675,138448
2375,189896908,190035353,138445
2376,190042588,190181149,138561
2377,190188384,190326947,138563
2378,190334177,190476743,142566
2379,190486950,190625646,138696
2380,190633094,190771900,138806
2381,190779165,190917967,138802
2382,190925206,191064121,138915
2383,191071363,191210277,138914
2384,191217519,191356549,139030
2385,191363789,191502816,139027
2386,191510056,191649200,139144
2387,191656443,191795587,139144
2388,191802827,191942087,139260
2389,191949332,192088595,139263
2390,192095852,192235227,139375
2391,192250454,192386118,135664
2392,192394042,192533565,139523
2393,192540905,192680388,139483
2394,192687678,192827286,139608
2395,192834576,192974185,139609
2396,192981484,193121206,139722
2397,193128506,193268224,139718
2398,193275522,193415356,139834
2399,193422656,193562489,139833
2400,193569797,193709746,139949
2401,193717051,193856998,139947
2402,193864303,194004365,140062
2403,194011657,194151719,140062
2404,194159012,194299189,140177
2405,194306481,194453019,146538
2406,194462679,194602987,140308
2407,194610374,194750670,140296
2408,194757959,194898375,140416
2409,194905632,195046047,140415
2410,195053297,195193823,140526
2411,195201073,195341598,140525
2412,195348848,195489489,140641
2413,195496739,195637385,140646
2414,195644634,195785396,140762
2415,195792643,195933404,140761
2416,195940654,196081528,140874
2417,196088778,196229646,140868
2418,196236896,196377886,140990
2419,196385135,196526122,140987
2420,196533372,196674474,141102
2421,196681724,196822828,141104
2422,196830078,196971300,141222
2423,196978555,197119775,141220
2424,197127025,197268357,141332
2425,197275607,197416942,141335
2426,197424192,197565665,141473
2427,197572914,197714362,141448
2428,197721617,197863180,141563
2429,197870427,198011995,141568
2430,198019245,198160924,141679
2431,198168173,198309854,141681
2432,198317104,198464163,147059
2433,198473633,198615439,141806
2434,198622784,198764703,141919
2435,198771963,198911261,139298
2436,198918513,199060542,142029
2437,199067789,199209816,142027
2438,199217066,199359208,142142
2439,199366455,199508597,142142
2440,199515844,199658104,142260
2441,199665351,199807611,142260
2442,199814861,199957233,142372
2443,199964481,200106856,142375
2444,200114106,200256593,142487
2445,200263841,200406328,142487
2446,200413578,200556184,142606
2447,200563431,200706037,142606
2448,200713284,200856005,142721
2449,200863252,201005973,142721
2450,201013220,201156056,142836
2451,201163304,201306137,142833
2452,201313387,201456338,142951
2453,201463586,201606537,142951
2454,201613787,201756851,143064
2455,201764098,201907168,143070
2456,201914415,202057597,143182
2457,202064844,202208029,143185
2458,202215276,202368111,152835
2459,202378753,202522081,143328
2460,202529529,202672951,143422
2461,202680248,202823663,143415
2462,202830916,202974446,143530
2463,202981691,203125221,143530
2464,203132466,203276109,143643
2465,203283354,203426999,143645
2466,203434244,203578005,143761
2467,203585247,203729008,143761
2468,203736253,203880129,143876
2469,203887371,204031250,143879
2470,204038495,204182486,143991
2471,204189728,204333722,143994
2472,204340972,204485079,144107
2473,204492341,204634924,142583
2474,204642174,204786396,144222
2475,204793643,204937867,144224
2476,204945110,205089449,144339
2477,205096694,205241029,144335
2478,205248274,205392729,144455
2479,205399974,205544431,144457
2480,205551693,205696264,144571
2481,205703513,205848081,144568
2482,205855328,206000014,144686
2483,206007256,206151944,144688
2484,206159189,206303987,144798
2485,206311232,206461762,150530
2486,206471382,206616298,144916
2487,206623716,206768630,144914
2488,206775877,206920898,145021
2489,206928133,207073154,145021
2490,207080394,207225531,145137
2491,207232765,207377922,145157
2492,207385157,207530411,145254
2493,207537674,207682928,145254
2494,207690158,207835527,145369
2495,207842762,207988129,145367
2496,207995362,208140844,145482
2497,208148079,208293561,145482
2498,208300794,208446394,145600
2499,208453626,208599226,145600
2500,208606459,208752174,145715
2501,208759409,208905122,145713
2502,208912357,209058185,145828
2503,209065420,209211253,145833
2504,209218485,209364431,145946
2505,209371666,209517612,145946
2506,209524844,209670906,146062
2507,209678140,209824202,146062
2508,209831431,209977608,146177
2509,209984843,210131019,146176
2510,210138252,210284544,146292
2511,210291778,210441919,150141
2512,210451640,210598082,146442
2513,210605420,210751877,146457
2514,210759134,210905677,146543
2515,210912929,211059469,146540
2516,211066714,211213369,146655
2517,211220616,211367272,146656
2518,211374522,211521290,146768
2519,211535030,211682124,147094
2520,211690032,211836941,146909
2521,211844243,211991137,146894
2522,211998414,212145423,147009
2523,212152695,212299703,147008
2524,212306988,212454112,147124
2525,212461390,212608516,147126
2526,212615796,212763035,147239
2527,212770315,212917554,147239
2528,212924841,213072196,147355
2529,213079481,213226835,147354
2530,213234117,213381587,147470
2531,213388859,213536329,147470
2532,213543602,213691189,147587
2533,213698464,213846046,147582
2534,213853321,214001021,147700
2535,214008301,214155999,147698
2536,214163274,214311092,147818
2537,214318369,214474374,156005
2538,214484616,214632577,147961
2539,214639940,214787876,147936
2540,214795155,214943201,148046
2541,214950461,215098512,148051
2542,215105755,215253921,148166
2543,215261168,215409332,148164
2544,215416577,215564851,148274
2545,215572098,215720375,148277
2546,215727622,215876014,148392
2547,215883264,216031653,148389
2548,216038898,216187405,148507
2549,216194653,216343157,148504
2550,216350400,216499022,148622
2551,216506269,216654889,148620
2552,216662132,216810869,148737
2553,216818117,216966854,148737
2554,216974097,217122949,148852
2555,217130197,217279050,148853
2556,217286292,217435258,148966
2557,217442505,217591473,148968
2558,217598718,217747802,149084
2559,217755049,217904130,149081
2560,217911375,218060571,149196
2561,218067818,218217020,149202
2562,218224262,218379688,155426
2563,218389291,218538635,149344
2564,218545988,218695422,149434
2565,218702705,218852139,149434
2566,218859391,219008943,149552
2567,219016186,219165733,149547
2568,219172975,219322638,149663
2569,219329880,219479537,149657
2570,219486782,219636560,149778
2571,219643802,219793575,149773
2572,219800820,219950713,149893
2573,219957952,220107845,149893
2574,220115088,220265096,150008
2575,220272338,220422344,150006
2576,220429586,220579710,150124
2577,220586952,220737073,150121
2578,220744318,220894557,150239
2579,220901799,221052035,150236
2580,221059280,221209632,150352
2581,221216874,221367228,150354
2582,221374470,221524942,150472
2583,221532182,221682651,150469
2584,221689893,221840478,150585
2585,221847720,221998305,150585
2586,222005550,222156250,150700
2587,222163492,222314189,150697
2588,222321434,222477875,156441
2589,222487375,222638208,150833
2590,222645551,222796489,150938
2591,222803728,222954666,150938
2592,222961884,223112937,151053
2593,223120147,223271195,151048
2594,223278402,223429563,151161
2595,223436773,223587934,151161
2596,223595143,223746420,151277
2597,223753629,223904906,151277
2598,223912113,224063504,151391
2599,224070714,224222106,151392
2600,224229318,224380830,151512
2601,224388057,224539564,151507
2602,224546779,224698401,151622
2603,224705615,224857237,151622
2604,224864447,225016187,151740
2605,225023394,225175134,151740
2606,225182344,225334199,151855
2607,225341406,225493261,151855
2608,225500481,225652452,151971
2609,225659659,225811632,151973
2610,225818839,225970925,152086
2611,225978134,226150381,172247
2612,226162369,226314610,152241
2613,226322266,226484769,162503
2614,226495374,226647706,152332
2615,226655201,226807530,152329
2616,226814860,226967289,152429
2617,226974586,227127015,152429
2618,227134310,227286854,152544
2619,227294154,227446721,152567
2620,227454009,227606673,152664
2621,227613993,227766655,152662
2622,227773940,227926763,152823
2623,227934050,228086825,152775
2624,228094112,228247005,152893
2625,228254292,228407207,152915
2626,228414495,228567503,153008
2627,228574790,228727798,153008
2628,228735083,228888209,153126
2629,228895499,229048622,153123
2630,229055907,229209148,153241
2631,229216435,229369806,153371
2632,229384574,229588664,204090
2633,229599354,229752811,153457
2634,229760259,229913730,153471
2635,229921063,230074086,153023
2636,230081391,230235025,153634
2637,230242330,230403813,161483
2638,230413769,230567499,153730
2639,230574884,230728596,153712
2640,230735886,230889706,153820
2641,230896971,231050791,153820
2642,231058053,231211991,153938
2643,231219253,231373191,153938
2644,231380455,231534506,154051
2645,231541776,231695829,154053
2646,231703098,231857267,154169
2647,231873257,232027623,154366
2648,232035412,232189691,154279
2649,232197033,232351304,154271
2650,232358624,232513013,154389
2651,232520320,232674701,154381
2652,232682019,232836515,154496
2653,232843823,232998322,154499
2654,233005627,233160238,154611
2655,233167546,233322190,154644
2656,233329503,233484230,154727
2657,233491542,233646272,154730
2658,233653584,233808426,154842
2659,233815726,233970568,154842
2660,233977868,234132823,154955
2661,234140131,234295088,154957
2662,234302403,234463511,161108
2663,234473204,234628299,155095
2664,234635729,234790930,155201
2665,234798230,234953423,155193
2666,234960706,235116016,155310
2667,235123299,235278612,155313
2668,235285892,235441321,155429
2669,235448603,235604034,155431
2670,235611314,235766861,155547
2671,235774143,235929690,155547
2672,235936969,236092626,155657
2673,236099909,236255570,155661
2674,236262850,236418622,155772
2675,236425905,236581679,155774
2676,236588959,236744849,155890
2677,236752131,236908021,155890
2678,236915301,237071306,156005
2679,237078588,237234593,156005
2680,237241873,237397991,156118
2681,237405276,237561394,156118
2682,237568674,237724912,156238
2683,237732194,237888427,156233
2684,237895707,238052061,156354
2685,238059343,238215691,156348
2686,238222971,238387774,164803
2687,238398232,238554718,156486
2688,238562176,238718777,156601
2689,238726075,238882659,156584
2690,238889923,239046623,156700
2691,239053895,239210594,156699
2692,239217859,239374674,156815
2693,239381941,239538755,156814
2694,239546020,239702950,156930
2695,239710217,239867150,156933
2696,239874412,240031460,157048
2697,240038727,240195794,157067
2698,240203059,240360220,157161
2699,240367487,240524647,157160
2700,240531915,240689190,157275
2701,240696458,240853736,157278
2702,240861001,241018394,157393
2703,241025664,241183055,157391
2704,241190322,241347831,157509
2705,241355096,241512604,157508
2706,241519869,241677493,157624
2707,241684760,241842384,157624
2708,241849647,242007383,157736
2709,242014653,242172392,157739
2710,242179655,242343298,163643
2711,242352878,242510748,157870
2712,242518136,242676105,157969
2713,242683415,242841390,157975
2714,242848682,243006772,158090
2715,243014057,243172147,158090
2716,243179447,243337650,158203
2717,243344933,243503133,158200
2718,243510415,243668731,158316
2719,243676016,243834331,158315
2720,243841611,244000045,158434
2721,244007329,244165763,158434
2722,244173043,244331591,158548
2723,244338874,244497420,158546
2724,244504705,244663366,158661
2725,244670648,244829312,158664
2726,244836592,244995371,158779
2727,245002661,245161441,158780
2728,245168728,245327622,158894
2729,245334917,245493812,158895
2730,245501102,245660111,159009
2731,245667399,245826409,159010
2732,245833688,245992816,159128
2733,246000098,246159223,159125
2734,246166506,246330886,164380
2735,246340361,246499611,159250
2736,246507009,246666370,159361
2737,246673672,246833028,159356
2738,246840320,246999796,159476
2739,247007081,247166552,159471
2740,247173831,247333420,159589
2741,247340702,247500291,159589
2742,247507571,247667297,159726
2743,247674577,247834279,159702
2744,247841561,248001378,159817
2745,248008660,248168482,159822
2746,248175762,248335694,159932
2747,248342978,248502915,159937
2748,248510195,248670245,160050
2749,248677563,248837610,160047
2750,248844890,249005055,160165
2751,249012337,249172502,160165
2752,249179782,249340100,160318
2753,249347380,249507660,160280
2754,249514942,249675335,160393
2755,249682620,249843013,160393
2756,249850298,250010806,160508
2757,250018089,250178602,160513
2758,250185882,250354018,168136
2759,250364277,250524914,160637
2760,250532349,250693100,160751
2761,250700415,250861152,160737
2762,250868431,251029283,160852
2763,251036563,251197415,160852
2764,251204697,251365664,160967
2765,251372954,251533923,160969
2766,251541203,251702285,161082
2767,251709568,251870652,161084
2768,251877932,252039130,161198
2769,252046412,252207610,161198
2770,252214892,252376235,161343
2771,252383517,252544832,161315
2772,252552112,252713540,161428
2773,252720828,252882291,161463
2774,252889576,253051122,161546
2775,253065075,253222243,157168
2776,253230187,253391878,161691
2777,253399170,253560836,161666
2778,253568106,253729890,161784
2779,253737162,253898946,161784
2780,253906226,254068125,161899
2781,254075405,254237304,161899
2782,254244582,254412656,168074
2783,254422464,254584501,162037
2784,254591901,254754043,162142
2785,254761323,254923460,162137
2786,254930718,255092970,162252
2787,255100225,255262480,162255
2788,255269732,255432098,162366
2789,255439362,255601728,162366
2790,255609000,255771493,162493
2791,255778796,255941301,162505
2792,255948576,256111174,162598
2793,256118437,256281035,162598
2794,256288297,256451011,162714
2795,256458273,256620987,162714
2796,256628247,256791075,162828
2797,256798340,256961172,162832
2798,256968437,257131386,162949
2799,257138648,257301597,162949
2800,257308857,257471919,163062
2801,257479181,257642238,163057
2802,257649503,257812678,163175
2803,257819943,257983117,163174
2804,257990377,258153667,163290
2805,258160932,258329567,168635
2806,258339218,258502673,163455
2807,258510038,258673453,163415
2808,258680721,258844236,163515
2809,258851506,259015024,163518
2810,259022274,259185907,163633
2811,259193159,259356795,163636
2812,259364045,259527794,163749
2813,259535046,259698797,163751
2814,259706047,259869911,163864
2815,259877163,260041027,163864
2816,260048277,260212258,163981
2817,260219511,260383490,163979
2818,260390739,260554836,164097
2819,260562089,260726186,164097
2820,260733435,260897647,164212
2821,260904900,261069112,164212
2822,261076362,261240687,164325
2823,261247939,261412266,164327
2824,261419516,261583959,164443
2825,261591214,261755654,164440
2826,261762904,261927462,164558
2827,261934714,262099272,164558
2828,262106524,262271198,164674
2829,262278450,262448834,170384
2830,262459113,262623920,164807
2831,262631300,262796101,164801
2832,262803396,262968299,164903
2833,262975562,263140463,164901
2834,263147725,263312745,165020
2835,263320007,263485026,165019
2836,263492286,263657420,165134
2837,263664683,263829817,165134
2838,263837077,264002331,165254
2839,264009589,264174841,165252
2840,264182101,264347468,165367
2841,264354728,264520093,165365
2842,264527355,264692835,165480
2843,264700095,264865600,165505
2844,264872860,265038458,165598
2845,265045716,265211314,165598
2846,265218573,265384287,165714
2847,265391547,265557260,165713
2848,265564520,265730348,165828
2849,265737608,265903439,165831
2850,265910696,266076640,165944
2851,266083902,266249846,165944
2852,266257104,266429285,172181
2853,266438990,266605065,166075
2854,266612422,266778599,166177
2855,266785896,266952108,166212
2856,266959368,267125663,166295
2857,267132918,267299210,166292
2858,267306462,267472867,166405
2859,267480122,267646529,166407
2860,267653776,267820297,166521
2861,267827551,267994072,166521
2862,268001319,268167954,166635
2863,268175207,268341845,166638
2864,268349097,268515850,166753
2865,268523100,268689851,166751
2866,268697101,268863967,166866
2867,268871219,269038085,166866
2868,269045335,269212318,166983
2869,269219568,269397571,178003
2870,269410787,269583758,172971
2871,269593135,269760300,167165
2872,269767805,269935017,167212
2873,269942337,270109546,167209
2874,270116854,270284173,167319
2875,270291478,270467090,175612
2876,270477342,270644814,167472
2877,270652310,270819772,167462
2878,270827060,270994632,167572
2879,271001907,271169480,167573
2880,271176750,271344433,167683
2881,271351698,271519378,167680
2882,271526643,271694441,167798
2883,271701703,271869499,167796
2884,271876764,272044678,167914
2885,272051937,272219851,167914
2886,272227118,272395144,168026
2887,272402409,272570438,168029
2888,272577705,272745849,168144
2889,272753114,272921256,168142
2890,272928523,273096783,168260
2891,273104047,273272307,168260
2892,273279572,273447949,168377
2893,273455211,273623586,168375
2894,273630853,273799373,168520
2895,273806635,273975125,168490
2896,273982393,274151000,168607
2897,274158265,274335270,177005
2898,274345597,274514340,168743
2899,274521781,274690506,168725
2900,274697829,274866662,168833
2901,274873944,275042777,168833
2902,275050057,275219006,168949
2903,275234240,275403388,169148
2904,275411124,275580191,169067
2905,275587501,275756562,169061
2906,275763867,275933043,169176
2907,275940336,276109507,169171
2908,276116807,276305277,188470
2909,276316539,276480932,164393
2910,276488535,276657955,169420
2911,276665312,276834719,169407
2912,276842072,277011589,169517
2913,277018937,277188454,169517
2914,277195799,277365434,169635
2915,277372782,277542154,169372
2916,277549496,277719249,169753
2917,277726594,277896347,169753
2918,277903692,278073560,169868
2919,278080918,278250783,169865
2920,278258138,278436737,178599
2921,278446714,278616712,169998
2922,278624170,278794271,170101
2923,278801611,278971700,170089
2924,278979033,279149237,170204
2925,279156562,279326765,170203
2926,279334093,279504412,170319
2927,279511742,279682064,170322
2928,279689391,279859826,170435
2929,279867148,280037583,170435
2930,280044903,280215455,170552
2931,280222778,280393328,170550
2932,280400650,280571318,170668
2933,280578638,280749340,170702
2934,280756660,280927441,170781
2935,280934766,281105546,170780
2936,281112866,281283764,170898
2937,281291087,281461985,170898
2938,281469305,281640318,171013
2939,281647638,281818651,171013
2940,281825974,281997100,171126
2941,282004425,282175551,171126
2942,282182874,282359410,176536
2943,282369041,282540310,171269
2944,282547730,282719104,171374
2945,282726449,282897811,171362
2946,282905116,283076598,171482
2947,283083885,283255357,171472
2948,283262647,283434260,171613
2949,283441550,283613134,171584
2950,283620427,283792129,171702
2951,283799417,283971119,171702
2952,283978409,284150227,171818
2953,284157519,284329337,171818
2954,284336627,284508563,171936
2955,284515853,284687788,171935
2956,284695076,284867124,172048
2957,284874416,285046462,172046
2958,285053752,285225916,172164
2959,285233208,285405372,172164
2960,285412659,285584941,172282
2961,285592231,285764510,172279
2962,285771800,285944196,172396
2963,285951484,286123880,172396
2964,286131168,286303680,172512
2965,286321532,286494370,172838
2966,286501852,286674502,172650
2967,286681820,286854455,172635
2968,286861737,287034487,172750
2969,287041754,287214504,172750
2970,287221777,287394645,172868
2971,287401909,287574780,172871
2972,287582052,287755033,172981
2973,287762303,287935283,172980
2974,287942553,288115651,173098
2975,288122921,288296017,173096
2976,288303290,288476503,173213
2977,288483768,288656982,173214
2978,288664252,288837583,173331
2979,288844848,289018177,173329
2980,289025447,289198893,173446
2981,289206158,289379605,173447
2982,289386875,289560434,173559
2983,289567702,289741264,173562
2984,289748536,289922213,173677
2985,289929486,290103160,173674
2986,290110433,290284225,173792
2987,290291498,290471061,179563
2988,290480609,290654530,173921
2989,290661935,290835850,173915
2990,290843135,291017158,174023
2991,291024418,291198443,174025
2992,291205721,291379862,174141
2993,291387124,291561265,174141
2994,291568525,291742783,174258
2995,291750041,291924297,174256
2996,291931557,292105926,174369
2997,292113186,292287552,174366
2998,292294812,292469326,174514
2999,292476583,292651073,174490
3000,292658330,292832932,174602
3001,292840187,293014794,174607
3002,293022051,293196768,174717
3003,293204028,293378753,174725
3004,293386010,293560848,174838
3005,293568135,293742968,174833
3006,293750230,293925175,174945
3007,293932438,294107383,174945
3008,294114663,294289728,175065
3009,294301426,294476522,175096
3010,294486055,294661241,175186
3011,294668663,294843832,175169
3012,294851142,295026418,175276
3013,295033695,295208969,175274
3014,295216246,295391640,175394
3015,295398920,295574311,175391
3016,295581588,295757095,175507
3017,295764373,295939882,175509
3018,295947159,296122781,175622
3019,296130058,296305680,175622
3020,296312958,296488695,175737
3021,296495972,296671712,175740
3022,296678989,296854842,175853
3023,296862119,297037972,175853
3024,297045249,297221219,175970
3025,297228497,297404467,175970
3026,297411744,297587827,176083
3027,297595105,297771230,176125
3028,297778505,297954706,176201
3029,297961986,298138189,176203
3030,298145471,298329262,183791
3031,298347385,298520341,172956
3032,298528348,298704852,176504
3033,298712174,298888625,176451
3034,298895898,299072467,176569
3035,299079734,299256303,176569
3036,299263573,299440258,176685
3037,299447528,299624212,176684
3038,299631487,299808287,176800
3039,299815562,299992364,176802
3040,299999634,300176551,176917
3041,300183816,300360728,176912
3042,300367998,300545029,177031
3043,300552293,300729324,177031
3044,300736591,300913737,177146
3045,300921004,301098150,177146
3046,301105422,301282683,177261
3047,301289953,301467216,177263
3048,301474483,301651859,177376
3049,301659134,301836515,177381
3050,301843780,302021272,177492
3051,302028539,302206068,177529
3052,302213380,302398239,184859
3053,302408140,302585780,177640
3054,302593195,302770929,177734
3055,302778269,302956277,178008
3056,302964201,303142038,177837
3057,303149586,303327426,177840
3058,303334693,303512648,177955
3059,303520176,303698399,178223
3060,303706090,303883885,177795
3061,303891513,304070864,179351
3062,304078452,304256891,178439
3063,304264712,304443098,178386
3064,304450834,304629921,179087
3065,304638164,304819900,181736
3066,304827466,305006027,178561
3067,305013946,305196221,182275
3068,305204413,305382935,178522
3069,305390425,305568082,177657
3070,305575918,305754823,178905
3071,305762469,305941722,179253
3072,305949743,306125137,175394
3073,306132705,306355735,223030
3074,306389634,306580916,191282
3075,306592057,306770952,178895
3076,306778382,306957397,179015
3077,306964667,307143660,178993
3078,307150897,307330005,179108
3079,307337237,307516347,179110
3080,307523577,307702802,179225
3081,307710032,307889255,179223
3082,307896485,308075826,179341
3083,308083061,308262399,179338
3084,308269634,308449087,179453
3085,308456322,308635775,179453
3086,308643008,308822577,179569
3087,308829806,309009378,179572
3088,309016605,309196294,179689
3089,309203524,309383210,179686
3090,309390440,309570242,179802
3091,309577472,309798715,221243
3092,309809872,309989826,179954
3093,309997279,310177194,179915
3094,310184444,310364476,180032
3095,310371733,310551788,180055
3096,310559028,310739199,180171
3097,310746441,310926589,180148
3098,310933831,311114086,180255
3099,311121324,311301579,180255
3100,311308819,311489187,180368
3101,311496429,311676795,180366
3102,311684037,311864526,180489
3103,311871766,312052252,180486
3104,312059492,312240093,180601
3105,312247330,312427931,180601
3106,312435171,312615885,180714
3107,312623128,312803842,180714
3108,312811086,312991918,180832
3109,312999156,313179987,180831
3110,313187227,313368177,180950
3111,313375414,313556364,180950
3112,313563606,313744668,181062
3113,313760511,313941767,181256
3114,313949320,314130527,181207
3115,314137822,314319010,181188
3116,314326287,314507590,181303
3117,314514863,314696163,181300
3118,314703436,314884854,181418
3119,314892131,315073550,181419
3120,315080824,315262358,181534
3121,315269633,315451164,181531
3122,315458441,315640087,181646
3123,315647365,315829014,181649
3124,315836291,316018050,181759
3125,316025327,316207084,181757
3126,316214359,316396236,181877
3127,316403511,316585387,181876
3128,316592662,316774654,181992
3129,316781932,316963924,181992
3130,316971199,317153309,182110
3131,317160584,317342696,182112
3132,317349973,317532201,182228
3133,317539506,317721731,182225
3134,317729004,317913354,184350
3135,317922857,318105207,182350
3136,318112617,318295073,182456
3137,318302378,318484826,182448
3138,318492101,318674662,182561
3139,318681934,318864495,182561
3140,318871770,319054441,182671
3141,319061716,319244393,182677
3142,319251667,319434456,182789
3143,319441731,319624520,182789
3144,319631795,319814702,182907
3145,319821977,320004881,182904
3146,320012156,320195178,183022
3147,320202453,320385475,183022
3148,320392750,320575885,183135
3149,320583162,320766300,183138
3150,320773574,320956827,183253
3151,320964099,321147352,183253
3152,321154627,321337995,183368
3153,321345270,321528635,183365
3154,321535910,321719393,183483
3155,321726668,321917788,191120
3156,321927867,322111503,183636
3157,322118900,322302516,183616
3158,322309781,322493495,183714
3159,322510205,322688749,178544
3160,322696537,322880394,183857
3161,322887671,323071515,183844
3162,323078773,323262729,183956
3163,323269987,323453944,183957
3164,323461196,323645271,184075
3165,323652523,323836605,184082
3166,323843860,324028047,184187
3167,324035302,324219492,184190
3168,324226744,324411049,184305
3169,324418302,324602607,184305
3170,324609862,324794282,184420
3171,324801534,324985955,184421
3172,324993210,325177745,184535
3173,325185000,325369536,184536
3174,325376801,325561477,184676
3175,325568782,325796470,227688
3176,325812301,325997282,184981
3177,326004916,326189697,184781
3178,326196999,326381896,184897
3179,326389176,326574072,184896
3180,326581345,326766359,185014
3181,326773631,326958648,185017
3182,326965921,327151055,185134
3183,327158323,327343460,185137
3184,327350727,327535975,185248
3185,327543242,327728487,185245
3186,327735757,327921119,185362
3187,327928389,328113749,185360
3188,328121017,328306495,185478
3189,328313764,328499240,185476
3190,328506507,328692100,185593
3191,328699370,328884961,185591
3192,328892231,329077939,185708
3193,329085207,329270915,185708
3194,329278185,329464009,185824
3195,329471279,329657100,185821
3196,329664370,329859032,194662
3197,329869405,330055371,185966
3198,330062814,330248851,186037
3199,330256161,330442192,186031
3200,330449485,330635634,186149
3201,330642924,330829074,186150
3202,330836361,331022626,186265
3203,331029908,331216173,186265
3204,331223458,331409841,186383
3205,331417126,331603508,186382
3206,331610791,331797289,186498
3207,331804571,331991069,186498
3208,331998354,332184967,186613
3209,332192249,332378862,186613
3210,332386145,332572873,186728
3211,332580156,332766884,186728
3212,332774169,332961045,186876
3213,332968330,333155171,186841
3214,333162456,333349413,186957
3215,333356698,333543654,186956
3216,333550942,333738016,187074
3217,333752961,333940336,187375
3218,333950455,334137665,187210
3219,334145062,334332254,187192
3220,334339589,334526889,187300
3221,334534174,334721471,187297
3222,334728751,334916166,187415
3223,334923446,335110861,187415
3224,335118141,335305672,187531
3225,335312954,335500484,187530
3226,335507764,335695412,187648
3227,335702690,335890338,187648
3228,335897618,336085379,187761
3229,336092658,336280422,187764
3230,336287702,336475580,187878
3231,336482858,336670734,187876
3232,336678014,336866008,187994
3233,336873288,337061279,187991
3234,337068559,337256668,188109
3235,337263948,337452055,188107
3236,337459335,337647559,188224
3237,337654847,337849316,194469
3238,337858944,338047334,188390
3239,338054737,338243096,188359
3240,338250426,338438897,188471
3241,338446202,338634672,188470
3242,338641954,338830534,188580
3243,338837814,339026395,188581
3244,339033669,339222365,188696
3245,339229640,339418336,188696
3246,339425613,339614424,188811
3247,339621699,339810510,188811
3248,339817800,340006726,188926
3249,340014001,340202929,188928
3250,340210207,340399248,189041
3251,340406523,340595564,189041
3252,340602842,340792001,189159
3253,340799276,340988433,189157
3254,340995710,341184985,189275
3255,341192259,341381531,189272
3256,341388809,341578199,189390
3257,341585473,341780464,194991
3258,341790062,341979577,189515
3259,341986967,342176475,189508
3260,342183775,342373390,189615
3261,342380680,342570285,189605
3262,342577550,342767271,189721
3263,342774531,342964254,189723
3264,342971516,343161352,189836
3265,343168614,343358450,189836
3266,343365712,343555666,189954
3267,343562926,343752880,189954
3268,343760139,343950208,190069
3269,343957468,344147537,190069
3270,344154799,344344984,190185
3271,344352248,344542430,190182
3272,344549697,344739997,190300
3273,344747264,344937564,190300
3274,344944829,345135241,190412
3275,345142503,345332915,190412
3276,345340180,345530708,190528
3277,345537973,345728503,190530
3278,345738176,345932788,194612
3279,345943070,346133735,190665
3280,346141201,346331994,190793
3281,346339336,346530112,190776
3282,346537394,346728275,190881
3283,346735558,346926436,190878
3284,346933716,347124712,190996
3285,347131999,347322995,190996
3286,347330283,347521419,191136
3287,347536879,347722743,185864
3288,347730754,347922026,191272
3289,347929364,348120608,191244
3290,348127888,348319247,191359
3291,348326522,348517874,191352
3292,348525146,348716616,191470
3293,348723886,348915356,191470
3294,348922626,349114211,191585
3295,349121483,349313063,191580
3296,349320335,349512036,191701
3297,349519305,349711003,191698
3298,349718276,349934605,216329
3299,349947906,350139775,191869
3300,350147207,350339156,191949
3301,350346438,350538369,191931
3302,350545649,350737690,192041
3303,350744967,350937006,192039
3304,350944278,351136432,192154
3305,351143694,351335848,192154
3306,351343101,351535372,192271
3307,351542625,351734896,192271
3308,351742149,351934533,192384
3309,351941788,352134177,192389
3310,352141427,352333934,192507
3311,352341187,352541909,200722
3312,352550231,352742881,192650
3313,352750261,352942889,192628
3314,352950169,353142896,192727
3315,353150169,353358842,208673
3316,353368746,353558965,190219
3317,353566460,353766919,200459
3318,353776843,353969819,192976
3319,353977254,354170232,192978
3320,354177587,354370663,193076
3321,354377983,354571060,193077
3322,354578387,354771578,193191
3323,354778903,354972095,193192
3324,354979420,355172729,193309
3325,355180051,355373361,193310
3326,355380686,355574107,193421
3327,355581432,355791279,209847
3328,355800854,355994434,193580
3329,356001854,356195399,193545
3330,356202697,356396349,193652
3331,356403654,356597314,193660
3332,356604621,356798397,193776
3333,356805702,356999474,193772
3334,357006777,357200670,193893
3335,357207972,357401863,193891
3336,357409168,357603176,194008
3337,357610481,357813494,203013
3338,357824122,358018353,194231
3339,358025886,358220030,194144
3340,358227390,358421636,194246
3341,358428971,358623220,194249
3342,358630555,358824919,194364
3343,358832255,359027190,194935
3344,359034525,359229007,194482
3345,359236342,359430826,194484
3346,359438161,359632756,194595
3347,359640089,359834683,194594
3348,359842021,360036731,194710
3349,360044066,360238776,194710
3350,360246111,360440936,194825
3351,360448269,360643119,194850
3352,360650454,360845392,194938
3353,360852727,361047670,194943
3354,361055005,361250061,195056
3355,361257396,361452452,195056
3356,361459787,361654958,195171
3357,361662293,361863468,201175
3358,361873387,362068696,195309
3359,362076159,362271458,195299
3360,362278790,362474192,195402
3361,362481492,362676883,195391
3362,362684183,362882116,197933
3363,362890005,363085524,195519
3364,363093060,363288690,195630
3365,363296004,363491634,195630
3366,363498934,363694679,195745
3367,363701979,363897759,195780
3368,363905069,364100952,195883
3369,364108287,364304165,195878
3370,364311472,364507448,195976
3371,364514755,364710731,195976
3372,364718035,364914126,196091
3373,364921429,365117517,196088
3374,365124819,365321025,196206
3375,365328328,365524534,196206
3376,365531862,365732558,200696
3377,365742236,365934683,192447
3378,365942089,366138535,196446
3379,366145823,366342267,196444
3380,366349539,366546086,196547
3381,366553348,366749895,196547
3382,366757160,366953820,196660
3383,366961085,367157747,196662
3384,367165009,367361787,196778
3385,367369049,367565826,196777
3386,367573089,367769981,196892
3387,367777244,367974157,196913
3388,367981421,368178432,197011
3389,368185724,368382732,197008
3390,368389995,368587120,197125
3391,368594383,368791506,197123
3392,368798773,368996012,197239
3393,369003274,369200513,197239
3394,369207778,369405129,197351
3395,369412394,369609750,197356
3396,369617012,369821917,204905
3397,369832204,370037474,205270
3398,370044922,370242526,197604
3399,370249826,370447413,197587
3400,370454711,370652415,197704
3401,370659715,370857415,197700
3402,370864715,371062530,197815
3403,371069830,371267644,197814
3404,371274942,371472875,197933
3405,371480172,371678105,197933
3406,371685405,371883453,198048
3407,371890747,372088798,198051
3408,372096098,372294259,198161
3409,372301556,372499722,198166
3410,372507017,372705298,198281
3411,372712595,372910874,198279
3412,372918174,373116567,198393
3413,373123870,373322264,198394
3414,373329566,373528080,198514
3415,373543753,373749151,205398
3416,373759177,373952128,192951
3417,373959520,374158155,198635
3418,374165462,374364207,198745
3419,374371487,374570224,198737
3420,374577504,374776356,198852
3421,374783644,374982496,198852
3422,374989773,375188744,198971
3423,375196018,375394989,198971
3424,375402263,375601351,199088
3425,375608629,375820605,211976
3426,375837901,376037277,199376
3427,376045282,376244490,199208
3428,376251865,376451173,199308
3429,376458471,376657784,199313
3430,376665064,376864488,199424
3431,376871805,377071227,199422
3432,377078524,377278058,199534
3433,377285338,377484877,199539
3434,377492172,377699968,207796
3435,377709912,377909624,199712
3436,377916974,378123347,206373
3437,378130617,378330389,199772
3438,378337651,378537536,199885
3439,378544788,378744676,199888
3440,378751928,378951928,200000
3441,378959175,379159173,199998
3442,379166420,379366536,200116
3443,379373783,379573898,200115
3444,379581146,379781374,200228
3445,379788624,379988852,200228
3446,379996099,380196448,200349
3447,380203697,380404041,200344
3448,380411291,380611752,200461
3449,380619002,380819463,200461
3450,380826710,381027287,200577
3451,381034534,381235110,200576
3452,381242358,381443050,200692
3453,381450299,381650991,200692
3454,381658238,381866175,207937
3455,381876700,382077530,200830
3456,382084955,382285883,200928
3457,382293235,382494188,200953
3458,382501465,382702505,201040
3459,382709788,382910823,201035
3460,382918105,383119258,201153
3461,383126538,383327691,201153
3462,383334973,383536239,201266
3463,383543521,383744784,201263
3464,383752064,383953448,201384
3465,383960725,384162108,201383
3466,384169386,384370887,201501
3467,384378164,384579661,201497
3468,384586938,384788549,201611
3469,384795827,384997443,201616
3470,385004721,385206450,201729
3471,385213727,385415454,201727
3472,385422731,385624576,201845
3473,385631853,385839938,208085
3474,385849628,386051618,201990
3475,386059013,386261001,201988
3476,386268343,386470441,202098
3477,386477753,386679849,202096
3478,386687151,386889354,202203
3479,386896656,387098859,202203
3480,387106162,387308477,202315
3481,387315780,387518100,202320
3482,387525403,387727836,202433
3483,387735136,387937572,202436
3484,387944875,388142915,198040
3485,388150215,388352766,202551
3486,388360069,388562735,202666
3487,388570035,388772702,202667
3488,388780004,388982783,202779
3489,388990086,389192865,202779
3490,389200167,389403064,202897
3491,389410367,389613264,202897
3492,389620566,389826531,205965
3493,389836146,390039176,203030
3494,390046596,390249729,203133
3495,390257041,390460154,203113
3496,390467439,390670672,203233
3497,390677954,390881184,203230
3498,390888467,391091812,203345
3499,391099097,391302445,203348
3500,391309728,391513189,203461
3501,391520471,391723934,203463
3502,391731217,391934793,203576
3503,391942075,392145654,203579
3504,392152944,392356638,203694
3505,392363920,392567612,203692
3506,392574894,392778703,203809
3507,392785991,392989800,203809
3508,392997107,393201029,203922
3509,393208319,393412244,203925
3510,393419531,393623571,204040
3511,393630853,393841291,210438
3512,393851583,394055756,204173
3513,394063251,394267434,204183
3514,394274734,394479011,204277
3515,394486294,394690574,204280
3516,394697852,394902247,204395
3517,394909547,395113938,204391
3518,395121220,395325726,204506
3519,395333003,395537512,204509
3520,395544789,395749410,204621
3521,395756690,395961314,204624
3522,395968596,396173335,204739
3523,396180625,396385364,204739
3524,396392646,396597501,204855
3525,396604783,396809637,204854
3526,396816915,397021884,204969
3527,397029164,397234138,204974
3528,397241413,397446501,205088
3529,397453778,397653585,199807
3530,397660860,397872150,211290
3531,397881795,398087018,205223
3532,398094380,398299706,205326
3533,398307008,398512321,205313
3534,398519583,398725014,205431
3535,398732276,398937707,205431
3536,398944967,399150548,205581
3537,399157805,399363351,205546
3538,399370611,399576272,205661
3539,399583532,399789193,205661
3540,399796455,400002252,205797
3541,400009521,400215298,205777
3542,400222565,400428492,205927
3543,400446758,400646828,200070
3544,400654722,400860752,206030
3545,400868077,401074099,206022
3546,401081399,401287539,206140
3547,401294831,401500971,206140
3548,401508266,401720986,212720
3549,401730687,401936954,206267
3550,401944365,402150737,206372
3551,402158030,402364398,206368
3552,402371663,402578138,206475
3553,402585400,402791881,206481
3554,402799143,403005737,206594
3555,403012997,403219590,206593
3556,403226850,403433558,206708
3557,403440823,403647532,206709
3558,403654804,403861631,206827
3559,403868903,404075725,206822
3560,404082992,404289931,206939
3561,404297193,404504130,206937
3562,404511405,404718462,207057
3563,404725737,404932791,207054
3564,404940061,405147231,207170
3565,405154501,405361673,207172
3566,405368943,405576233,207290
3567,405583498,405808490,224992
3568,405818684,406026105,207421
3569,406033562,406240985,207423
3570,406248245,406455771,207526
3571,406463005,406670528,207523
3572,406677766,406885407,207641
3573,406892641,407100282,207641
3574,407107520,407315271,207751
3575,407322510,407530267,207757
3576,407537501,407745373,207872
3577,407752610,407960479,207869
3578,407967716,408175701,207985
3579,408182940,408390924,207984
3580,408398162,408606261,208099
3581,408613499,408821598,208099
3582,408828835,409037053,208218
3583,409044290,409252507,208217
3584,409259742,409468074,208332
3585,409475314,409689248,213934
3586,409698840,409907306,208466
3587,409914698,410123154,208456
3588,410130439,410339002,208563
3589,410346262,410554817,208555
3590,410562074,410770745,208671
3591,410778005,410986676,208671
3592,410993933,411202722,208789
3593,411209982,411418768,208786
3594,411426025,411634927,208902
3595,411642189,411851088,208899
3596,411858348,412067364,209016
3597,412074624,412283641,209017
3598,412290901,412500058,209157
3599,412507315,412739923,232608
3600,412749747,412958240,208493
3601,412966088,413175541,209453
3602,413183400,413406255,222855
3603,413416835,413626385,209550
3604,413633921,413852052,218131
3605,413861928,414071478,209550
3606,414078929,414288534,209605
3607,414295857,414505457,209600
3608,414512737,414722455,209718
3609,414729740,414939459,209719
3610,414946739,415156778,210039
3611,415164757,415374603,209846
3612,415382041,415591842,209801
3613,415599593,415809677,210084
3614,415817380,416060516,243136
3615,416085569,416318951,233382
3616,416332729,416542979,210250
3617,416550742,416760932,210190
3618,416768257,416978554,210297
3619,416985876,417196159,210283
3620,417203456,417427556,224100
3621,417437964,417648416,210452
3622,417655829,417866359,210530
3623,417873626,418084157,210531
3624,418091394,418302035,210641
3625,418309309,418519965,210656
3626,418527215,418737971,210756
3627,418745220,418955979,210759
3628,418963221,419174090,210869
3629,419181334,419392203,210869
3630,419399448,419610434,210986
3631,419617679,419828665,210986
3632,419835910,420047012,211102
3633,420054259,420265361,211102
3634,420272611,420483827,211216
3635,420491075,420702289,211214
3636,420709539,420920874,211335
3637,420928124,421139456,211332
3638,421146708,421358155,211447
3639,421365403,421582103,216700
3640,421591803,421803381,211578
3641,421810844,422022412,211568
3642,422029734,422241417,211683
3643,422248705,422460390,211685
3644,422467668,422679463,211795
3645,422686763,422898564,211801
3646,422905844,423117758,211914
3647,423125035,423336946,211911
3648,423344228,423556255,212027
3649,423563537,423775566,212029
3650,423782848,423994990,212142
3651,424002272,424214417,212145
3652,424221699,424433953,212254
3653,424441233,424653490,212257
3654,424660768,424873142,212374
3655,424880422,425092794,212372
3656,425100074,425312562,212488
3657,425319841,425538095,218254
3658,425547691,425782243,234552
3659,425794059,426006722,212663
3660,426014322,426227040,212718
3661,426234393,426447106,212713
3662,426454466,426667294,212828
3663,426674642,426887473,212831
3664,426894825,427107769,212944
3665,427115119,427328067,212948
3666,427335420,427548481,213061
3667,427555829,427768890,213061
3668,427776243,427989414,213171
3669,427996774,428209948,213174
3670,428217311,428430598,213287
3671,428447268,428660730,213462
3672,428668754,428882169,213415
3673,428889544,429102943,213399
3674,429110296,429323811,213515
3675,429331148,429584586,253438
3676,429595339,429809020,213681
3677,429816510,430030153,213643
3678,430037418,430251176,213758
3679,430258428,430472191,213763
3680,430479441,430693317,213876
3681,430700566,430914445,213879
3682,430921699,431135690,213991
3683,431143013,431357004,213991
3684,431364254,431578363,214109
3685,431585612,431799719,214107
3686,431806971,432021195,214224
3687,432028445,432242672,214227
3688,432249921,432464263,214342
3689,432471518,432685860,214342
3690,432693110,432907582,214472
3691,432914829,433129284,214455
3692,433136534,433351101,214567
3693,433358351,433578652,220301
3694,433588305,433803005,214700
3695,433810368,434025058,214690
3696,434032313,434247106,214793
3697,434254368,434469161,214793
3698,434476411,434691322,214911
3699,434698574,434913480,214906
3700,434920730,435135756,215026
3701,435143003,435358026,215023
3702,435365276,435580415,215139
3703,435587665,435802804,215139
3704,435810056,436025310,215254
3705,436032557,436247811,215254
3706,436255064,436470433,215369
3707,436477683,436693052,215369
3708,436700302,436915787,215485
3709,436923039,437138521,215482
3710,437145773,437361376,215603
3711,437368623,437590628,222005
3712,437600216,437815949,215733
3713,437823379,438039109,215730
3714,438046404,438262240,215836
3715,438269519,438485350,215831
3716,438492632,438708578,215946
3717,438715860,438931809,215949
3718,438939088,439155152,216064
3719,439162432,439378493,216061
3720,439385775,439601951,216176
3721,439609234,439825410,216176
3722,439832690,440048984,216294
3723,440056264,440272558,216294
3724,440279840,440496275,216435
3725,440503552,440719961,216409
3726,440727244,440943768,216524
3727,440951048,441167573,216525
3728,441174853,441477518,302665
3729,441490381,441723471,233090
3730,441732906,441949716,216810
3731,441957249,442174014,216765
3732,442181427,442398302,216875
3733,442405687,442622560,216873
3734,442629940,442846931,216991
3735,442854314,443071304,216990
3736,443078687,443295793,217106
3737,443303176,443520279,217103
3738,443527659,443744880,217221
3739,443752261,443969482,217221
3740,443976862,444194231,217369
3741,444201611,444418945,217334
3742,444426328,444643780,217452
3743,444651160,444868612,217452
3744,444875992,445093561,217569
3745,445100939,445318508,217569
3746,445325886,445550703,224817
3747,445560557,445778251,217694
3748,445785697,446003492,217795
3749,446010832,446228634,217802
3750,446235937,446453887,217950
3751,446461180,446679090,217910
3752,446686388,446904413,218025
3753,446911726,447129754,218028
3754,447137049,447355190,218141
3755,447362490,447580633,218143
3756,447587926,447806182,218256
3757,447813477,448031733,218256
3758,448039025,448257399,218374
3759,448264694,448483066,218372
3760,448490366,448708855,218489
3761,448716152,448934642,218490
3762,448941939,449160541,218602
3763,449167834,449391703,223869
3764,449401198,449619938,218740
3765,449627321,449846041,218720
3766,449853371,450072203,218832
3767,450079501,450298336,218835
3768,450305631,450524581,218950
3769,450531891,450750844,218953
3770,450758152,450977222,219070
3771,450984520,451203603,219083
3772,451210900,451430084,219184
3773,451437401,451656582,219181
3774,451663877,451883176,219299
3775,451890471,452109769,219298
3776,452117062,452336476,219414
3777,452343771,452563182,219411
3778,452570477,452790004,219527
3779,452797306,453016871,219565
3780,453024168,453243810,219642
3781,453251113,453479187,228074
3782,453489519,453709332,219813
3783,453716847,453936620,219773
3784,453943917,454163805,219888
3785,454171067,454390955,219888
3786,454398222,454618225,220003
3787,454625495,454845498,220003
3788,454852765,455072883,220118
3789,455080156,455300274,220118
3790,455307541,455527774,220233
3791,455535054,455755288,220234
3792,455762563,455982911,220348
3793,455990174,456210522,220348
3794,456217790,456438276,220486
3795,456445541,456666010,220469
3796,456673275,456914538,241263
3797,456924209,457150675,226466
3798,457158523,457406708,248185
3799,457429017,457649664,220647
3800,457657858,457878683,220825
3801,457886086,458106906,220820
3802,458114343,458335263,220920
3803,458342664,458563586,220922
3804,458570924,458792235,221311
3805,458800018,459021177,221159
3806,459028837,459250176,221339
3807,459257917,459479065,221148
3808,459486438,459708150,221712
3809,459716231,459935006,218775
3810,459942843,460164444,221601
3811,460172338,460390812,218474
3812,460398521,460620017,221496
3813,460627355,460849297,221942
3814,460857447,461079056,221609
3815,461086664,461308291,221627
3816,461315749,461596143,280394
3817,461606182,461827922,221740
3818,461835465,462057302,221837
3819,462064687,462286527,221840
3820,462293910,462515865,221955
3821,462523225,462745180,221955
3822,462752548,462974623,222075
3823,462981988,463204061,222073
3824,463211426,463433609,222183
3825,463441017,463663202,222185
3826,463670567,463892866,222299
3827,463900231,464122532,222301
3828,464129894,464349872,219978
3829,464357237,464579653,222416
3830,464587134,464810307,223173
3831,464818103,465040624,222521
3832,465048004,465270799,222795
3833,465278415,465562849,284434
3834,465573312,465796144,222832
3835,465803597,466026386,222789
3836,466033761,466256649,222888
3837,466263976,466486858,222882
3838,466494178,466717176,222998
3839,466724496,466947649,223153
3840,466955405,467178523,223118
3841,467185865,467408978,223113
3842,467416280,467639719,223439
3843,467647500,467870796,223296
3844,467878123,468101467,223344
3845,468108764,468332107,223343
3846,468339402,468556330,216928
3847,468563620,468785250,221630
3848,468792552,469016129,223577
3849,469023421,469246995,223574
3850,469254287,469513754,259467
3851,469523593,469747295,223702
3852,469754775,469978574,223799
3853,469985930,470209729,223799
3854,470217046,470441142,224096
3855,470448885,470672820,223935
3856,470680198,470904240,224042
3857,470911527,471135562,224035
3858,471142847,471366998,224151
3859,471374280,471598430,224150
3860,471605713,471830231,224518
3861,471837830,472061193,223363
3862,472068523,472293072,224549
3863,472300758,472525141,224383
3864,472532471,472757065,224594
3865,472764377,472988873,224496
3866,472996183,473220938,224755
3867,473228699,473513652,284953
3868,473523367,473748112,224745
3869,473755539,473980266,224727
3870,473987624,474212466,224842
3871,474219848,474444693,224845
3872,474451980,474676935,224955
3873,474684222,474909174,224952
3874,474916464,475141532,225068
3875,475148822,475373889,225067
3876,475381179,475606359,225180
3877,475613649,475859499,245850
3878,475871580,476090353,218773
3879,476098121,476323434,225313
3880,476330807,476556233,225426
3881,476563633,476789069,225436
3882,476796434,477021980,225546
3883,477029338,477254884,225546
3884,477262239,477554983,292744
3885,477565581,477791395,225814
3886,477798903,478024687,225784
3887,478032122,478257897,225775
3888,478265217,478491276,226059
3889,478499100,478725007,225907
3890,478732337,478958349,226012
3891,478965659,479191669,226010
3892,479198984,479425109,226125
3893,479432427,479660120,227693
3894,479667495,479893736,226241
3895,479901043,480127293,226250
3896,480134606,480360964,226358
3897,480368281,480594642,226361
3898,480601955,480828430,226475
3899,480835738,481062229,226491
3900,481069536,481296127,226591
3901,481303452,481592362,288910
3902,481602446,481829173,226727
3903,481836626,482063367,226741
3904,482070725,482297559,226834
3905,482304866,482531700,226834
3906,482538993,482765937,226944
3907,482773245,483000197,226952
3908,483007492,483234559,227067
3909,483241854,483468921,227067
3910,483476214,483697863,221649
3911,483705155,483932335,227180
3912,483939630,484166926,227296
3913,484174218,484401516,227298
3914,484408808,484636219,227411
3915,484643511,484870924,227413
3916,484878214,485105743,227529
3917,485113033,485340561,227528
3918,485347853,485627987,280134
3919,485637756,485865399,227643
3920,485872837,486100827,227990
3921,486108578,486336319,227741
3922,486343649,486571611,227962
3923,486578938,486806910,227972
3924,486814589,487042571,227982
3925,487049908,487275908,226000
3926,487283208,487511300,228092
3927,487529343,487757768,228425
3928,487765755,487993980,228225
3929,488001365,488229563,228198
3930,488236890,488465203,228313
3931,488472518,488700838,228320
3932,488708158,488936591,228433
3933,488943911,489172339,228428
3934,489179657,489473383,293726
3935,489483753,489712324,228571
3936,489719839,489948508,228669
3937,489955833,490184481,228648
3938,490191791,490420552,228761
3939,490427857,490656711,228854
3940,490664024,490892900,228876
3941,490900208,491129087,228879
3942,491136399,491365389,228990
3943,491372699,491601302,228603
3944,491608617,491837724,229107
3945,491845034,492074144,229110
3946,492081454,492310676,229222
3947,492317986,492547281,229295
3948,492554581,492783921,229340
3949,492791229,493020572,229343
3950,493027882,493257342,229460
3951,493264652,493550946,286294
3952,493560681,493790257,229576
3953,493797748,494027316,229568
3954,494034683,494264372,229689
3955,494271712,494501400,229688
3956,494508733,494738529,229796
3957,494745862,494975658,229796
3958,494982991,495212905,229914
3959,495220235,495450154,229919
3960,495457489,495687521,230032
3961,495694856,495924890,230034
3962,495932222,496162367,230145
3963,496169700,496400050,230350
3964,496407843,496638108,230265
3965,496645631,496875891,230260
3966,496883204,497113579,230375
3967,497120886,497351264,230378
3968,497358571,497595833,237262
3969,497605496,497836004,230508
3970,497843427,498074047,230620
3971,498081385,498312003,230618
3972,498319323,498550057,230734
3973,498557364,498788093,230729
3974,498795403,499026244,230841
3975,499033554,499264395,230841
3976,499271705,499502662,230957
3977,499509969,499740928,230959
3978,499748241,499979317,231076
3979,499986625,500217697,231072
3980,500225007,500456196,231189
3981,500463504,500694696,231192
3982,500702006,500933308,231302
3983,500940616,501171921,231305
3984,501179261,501475603,296342
3985,501485973,501717428,231455
3986,501724899,501956447,231548
3987,501963762,502195295,231533
3988,502202602,502434255,231653
3989,502441555,502673208,231653
3990,502680508,502912277,231769
3991,502919597,503151363,231766
3992,503158680,503390561,231881
3993,503397856,503629735,231879
3994,503637038,503869032,231994
3995,503876334,504108331,231997
3996,504115731,504347840,232109
3997,504355143,504587254,232111
3998,504594557,504826969,232412
3999,504834728,505066965,232237
4000,505074267,505306625,232358
4001,505313987,505603546,289559
4002,505613340,505845820,232480
4003,505853253,506085738,232485
4004,506093078,506325671,232593
4005,506332983,506565574,232591
4006,506572879,506805622,232743
4007,506812922,507045623,232701
4008,507052930,507285746,232816
4009,507293066,507525882,232816
4010,507533190,507766123,232933
4011,507773431,508007024,233593
4012,508014872,508248342,233470
4013,508256705,508489889,233184
4014,508497788,508730952,233164
4015,508738257,508971422,233165
4016,508978717,509211996,233279
4017,509219281,509458315,239034
4018,509467892,509694862,226970
4019,509702257,509935659,233402
4020,509942959,510176480,233521
4021,510183775,510417295,233520
4022,510424582,510658213,233631
4023,510665492,510899326,233834
4024,510907042,511140787,233745
4025,511148100,511381841,233741
4026,511389141,511622994,233853
4027,511630286,511864162,233876
4028,511871457,512105429,233972
4029,512112754,512346740,233986
4030,512354035,512588119,234084
4031,512595411,512829498,234087
4032,512836798,513070997,234199
4033,513078289,513312494,234205
4034,513319786,513561751,241965
4035,513571968,513806326,234358
4036,513813756,514048196,234440
4037,514055521,514289948,234427
4038,514297240,514531788,234548
4039,514539106,514773651,234545
4040,514780946,515015608,234662
4041,515022901,515257561,234660
4042,515264856,515499629,234773
4043,515506929,515741702,234773
4044,515749002,515983893,234891
4045,515991186,516226077,234891
4046,516233372,516468380,235008
4047,516475673,516710679,235006
4048,516717974,516953098,235124
4049,516960390,517195514,235124
4050,517202807,517443730,240923
4051,517453338,517688594,235256
4052,517696007,517931372,235365
4053,517938692,518174051,235359
4054,518181364,518416836,235472
4055,518432383,518668079,235696
4056,518676426,518912254,235828
4057,518919717,519155342,235625
4058,519162640,519398337,235697
4059,519405615,519641308,235693
4060,519648585,519884396,235811
4061,519891673,520127489,235816
4062,520134766,520370700,235934
4063,520377979,520613910,235931
4064,520621190,520857242,236052
4065,520864526,521100573,236047
4066,521107860,521344014,236154
4067,521356343,521590999,234656
4068,521600692,521836981,236289
4069,521844414,522080693,236279
4070,522088041,522324423,236382
4071,522331723,522568110,236387
4072,522575517,522812020,236503
4073,522819302,523055804,236502
4074,523063084,523299704,236620
4075,523306982,523543599,236617
4076,523550877,523787612,236735
4077,523794889,524031622,236733
4078,524038897,524275750,236853
4079,524283025,524519878,236853
4080,524527156,524764122,236966
4081,524771397,525008362,236965
4082,525015637,525252718,237081
4083,525259996,525504725,244729
4084,525515022,525757033,242011
4085,525772394,526020399,248005
4086,526031531,526299628,268097
4087,526309617,526547004,237387
4088,526554837,526792284,237447
4089,526799717,527037149,237432
4090,527044554,527282102,237548
4091,527289482,527527029,237547
4092,527534407,527772067,237660
4093,527779447,528017107,237660
4094,528024485,528262260,237775
4095,528269640,528507415,237775
4096,528514796,528752686,237890
4097,528760066,528997959,237893
4098,529005337,529243345,238008
4099,529250726,529497530,246804
4100,529507531,529745670,238139
4101,529753100,529991229,238129
4102,529998589,530236828,238239
4103,530244153,530482394,238241
4104,530489717,530728071,238354
4105,530735399,530973753,238354
4106,530981075,531219545,238470
4107,531226865,531465334,238469
4108,531472657,531711239,238582
4109,531718562,531957149,238587
4110,531964469,532203169,238700
4111,532210489,532449191,238702
4112,532456509,532695327,238818
4113,532702647,532941464,238817
4114,532948784,533187743,238959
4115,533195060,533439978,244918
4116,533449658,533688729,239071
4117,533696184,533935238,239054
4118,533942535,534181689,239154
4119,534188969,534444118,255149
4120,534453713,534693037,239324
4121,534700603,534939884,239281
4122,534947287,535186673,239386
4123,535194059,535433448,239389
4124,535440828,535680330,239502
4125,535687715,535927217,239502
4126,535934602,536174219,239617
4127,536181604,536421222,239618
4128,536428604,536668337,239733
4129,536675722,536915457,239735
4130,536922837,537162687,239850
4131,537170072,537419132,249060
4132,537429747,537669801,240054
4133,537677361,537917357,239996
4134,537924719,538164815,240096
4135,538172160,538412256,240096
4136,538419599,538659807,240208
4137,538667150,538907356,240206
4138,538914696,539155022,240326
4139,539162360,539402686,240326
4140,539410021,539650461,240440
4141,539657796,539898232,240436
4142,539905567,540146124,240557
4143,540153462,540390809,237347
4144,540398164,540638836,240672
4145,540646176,540886843,240667
4146,540894186,541134973,240787
4147,541142308,541389373,247065
4148,541399114,541636541,237427
4149,541643914,541884819,240905
4150,541892154,542133177,241023
4151,542140482,542381503,241021
4152,542388818,542629951,241133
4153,542637261,542878394,241133
4154,542885707,543126958,241251
4155,543134253,543375504,241251
4156,543382809,543624170,241361
4157,543631495,543872862,241367
4158,543880159,544121633,241474
4159,544128931,544370443,241512
4160,544377740,544619332,241592
4161,544626624,544868216,241592
4162,544875506,545117248,241742
4163,545124543,545371601,247058
4164,545381156,545622994,241838
4165,545630444,545872274,241830
4166,545879592,546140361,260769
4167,546149846,546391070,241224
4168,546398686,546640724,242038
4169,546648146,546890593,242447
4170,546897993,547140179,242186
4171,547147574,547389725,242151
4172,547397120,547639424,242304
4173,547646816,547889210,242394
4174,547896605,548138987,242382
4175,548146384,548388766,242382
4176,548396161,548638660,242499
4177,548646055,548888554,242499
4178,548895949,549138564,242615
4179,549145962,549397447,251485
4180,549407984,549650844,242860
4181,549658413,549901177,242764
4182,549908540,550151417,242877
4183,550167343,550403214,235871
4184,550410945,550653917,242972
4185,550661305,550904273,242968
4186,550911665,551154751,243086
4187,551162131,551405209,243078
4188,551412589,551655785,243196
4189,551663163,551906361,243198
4190,551913744,552157057,243313
4191,552164435,552407743,243308
4192,552415133,552658557,243424
4193,552665945,552909369,243424
4194,552916756,553160295,243539
4195,553167676,553417500,249824
4196,553427273,553670945,243672
4197,553678403,553922072,243669
4198,553929427,554173204,243777
4199,554180532,554424304,243772
4200,554431627,554675517,243890
4201,554682829,554926726,243897
4202,554934041,555178049,244008
4203,555185362,555429374,244012
4204,555436687,555680810,244123
4205,555688122,555932250,244128
4206,555939563,556183806,244243
4207,556191121,556435364,244243
4208,556442679,556687035,244356
4209,556694348,556938704,244356
4210,556946019,557204877,258858
4211,557220118,557563163,343045
4212,557579815,557881518,301703
4213,557899230,558211949,312719
4214,558226714,558471609,244895
4215,558479395,558724137,244742
4216,558731487,558976600,245113
4217,558984176,559228995,244819
4218,559236313,559481250,244937
4219,559488543,559733475,244932
4220,559740763,559985815,245052
4221,559993105,560238158,245053
4222,560245445,560490613,245168
4223,560497903,560743074,245171
4224,560750359,560995642,245283
4225,561002932,561248215,245283
4226,561255503,561531639,276136
4227,561544239,561789663,245424
4228,561797188,562042710,245522
4229,562049932,562295461,245529
4230,562302630,562548265,245635
4231,562555434,562801068,245634
4232,562808235,563053985,245750
4233,563061149,563306901,245752
4234,563314063,563558013,243950
4235,563565198,563811063,245865
4236,563818222,564064205,245983
4237,564071367,564317349,245982
4238,564324509,564570607,246098
4239,564577769,564823864,246095
4240,564831026,565077239,246213
4241,565084401,565337212,252811
4242,565346833,565593179,246346
4243,565600489,565846814,246325
4244,565854054,566100503,246449
4245,566107717,566354169,246452
4246,566361373,566607930,246557
4247,566615139,566861696,246557
4248,566868910,567115584,246674
4249,567122792,567365586,242794
4250,567372791,567619578,246787
4251,567626788,567873577,246789
4252,567880782,568127686,246904
4253,568134896,568381798,246902
4254,568389008,568636025,247017
4255,568643235,568890255,247020
4256,568897462,569144595,247133
4257,569151805,569408109,256304
4258,569418060,569664569,246509
4259,569671972,569919222,247250
4260,569926455,570173813,247358
4261,570181033,570428393,247360
4262,570435603,570683076,247473
4263,570690289,570937762,247473
4264,570944974,571192563,247589
4265,571199795,571447387,247592
4266,571454599,571702306,247707
4267,571709520,571957227,247707
4268,571964437,572212256,247819
4269,572219468,572467290,247822
4270,572474502,572722437,247935
4271,572729649,572977586,247937
4272,572984801,573232856,248055
4273,573240073,573495894,255821
4274,573506123,573754321,248198
4275,573761704,574009894,248190
4276,574017161,574259954,242793
4277,574267171,574515499,248328
4278,574522704,574771107,248403
4279,574778319,575059836,281517
4280,575069066,575317642,248576
4281,575325015,575573551,248536
4282,575580818,575850394,269576
4283,575862258,576110972,248714
4284,576118542,576367334,248792
4285,576374666,576623440,248774
4286,576630733,576879607,248874
4287,576886882,577135746,248864
4288,577143011,577402589,259578
4289,577412525,577661527,249002
4290,577668872,577917982,249110
4291,577925209,578174422,249213
4292,578181629,578430842,249213
4293,578438051,578687264,249213
4294,578694471,578943802,249331
4295,578951009,579200339,249330
4296,579207544,579456990,249446
4297,579464195,579713640,249445
4298,579720847,579970411,249564
4299,579977613,580227174,249561
4300,580234381,580484058,249677
4301,580491262,580740941,249679
4302,580748146,580997940,249794
4303,581005142,581254936,249794
4304,581270092,581520082,249990
4305,581527650,581777582,249932
4306,581784877,582034911,250034
4307,582042189,582292208,250019
4308,582299473,582549605,250132
4309,582556865,582807003,250138
4310,582814260,583064515,250255
4311,583081227,583324506,243279
4312,583332365,583582758,250393
4313,583590065,583840438,250373
4314,583847690,584098184,250494
4315,584105428,584355924,250496
4316,584363169,584613782,250613
4317,584621025,584871631,250606
4318,584878875,585129597,250722
4319,585136844,585398309,261465
4320,585409225,585660076,250851
4321,585667496,585918333,250837
4322,585925658,586176610,250952
4323,586183882,586434831,250949
4324,586442099,586693166,251067
4325,586700438,586951503,251065
4326,586958788,587210008,251220
4327,587217303,587468517,251214
4328,587475797,587727095,251298
4329,587734377,587985675,251298
4330,587992955,588244393,251438
4331,588251668,588503083,251415
4332,588510360,588761889,251529
4333,588769166,589020697,251531
4334,589027977,589286286,258309
4335,589295911,589547567,251656
4336,589554950,589831702,276752
4337,589841645,590087064,245419
4338,590094592,590346476,251884
4339,590353758,590605637,251879
4340,590612897,590863012,250115
4341,590870262,591122254,251992
4342,591129506,591379964,250458
4343,591387214,591639321,252107
4344,591646573,591894127,247554
4345,591901374,592153599,252225
4346,592160846,592413184,252338
4347,592420431,592672769,252338
4348,592680019,592932472,252453
4349,592939719,593192172,252453
4350,593199422,593459856,260434
4351,593469680,593722265,252585
4352,593729693,593982392,252699
4353,593989754,594242463,252709
4354,594249783,594502591,252808
4355,594509901,594762700,252799
4356,594770010,595022929,252919
4357,595030236,595283153,252917
4358,595290463,595543497,253034
4359,595550807,595803839,253032
4360,595811149,596064296,253147
4361,596071606,596324753,253147
4362,596332063,596585328,253265
4363,596592635,596845900,253265
4364,596853210,597106587,253377
4365,597113900,597371824,257924
4366,597382003,597635516,253513
4367,597642979,597900376,257397
4368,597908448,598162079,253631
4369,598169444,598423067,253623
4370,598430377,598684115,253738
4371,598691398,598945134,253736
4372,598952419,599206270,253851
4373,599213562,599467413,253851
4374,599474701,599728665,253964
4375,599735950,599989916,253966
4376,599997201,600251280,254079
4377,600258565,600512645,254080
4378,600519932,600774129,254197
4379,600781411,601035608,254197
4380,601042891,601302330,259439
4381,601311971,601566301,254330
4382,601573716,601828156,254440
4383,601835489,602089921,254432
4384,602097211,602351762,254551
4385,602359047,602613584,254537
4386,602620884,602875537,254653
4387,602882837,603137491,254654
4388,603144773,603399754,254981
4389,603407037,603661805,254768
4390,603669090,603923976,254886
4391,603931274,604186157,254883
4392,604193462,604448464,255002
4393,604455766,604710765,254999
4394,604718070,604973187,255117
4395,604980489,605235604,255115
4396,605249765,605497644,247879
4397,605505335,605760602,255267
4398,605767952,606023295,255343
4399,606030610,606285949,255339
4400,606293284,606548742,255458
4401,606556059,606811517,255458
4402,606818835,607074405,255570
4403,607081715,607337288,255573
4404,607344603,607600293,255690
4405,607607603,607863294,255691
4406,607870604,608126407,255803
4407,608133717,608389523,255806
4408,608396833,608668752,271919
4409,608682498,608958154,275656
4410,608968942,609257937,288995
4411,609272777,609529049,256272
4412,609536863,609793037,256174
4413,609800420,610056584,256164
4414,610063889,610320154,256265
4415,610327438,610583700,256262
4416,610590995,610847373,256378
4417,610854658,611111030,256372
4418,611118315,611374241,255926
4419,611381623,611638116,256493
4420,611645398,611902006,256608
4421,611909289,612165899,256610
4422,612173184,612430047,256863
4423,612437756,612694486,256730
4424,612701811,612958650,256839
4425,612965962,613222808,256846
4426,613230120,613551448,321328
4427,613561274,613818240,256966
4428,613825650,614082722,257072
4429,614090047,614347130,257083
4430,614354423,614611612,257189
4431,614618897,614876079,257182
4432,614883359,615140651,257292
4433,615147930,615405227,257297
4434,615412512,615669927,257415
4435,615677300,615934709,257409
4436,615941989,616199512,257523
4437,616206802,616464327,257525
4438,616471614,616729289,257675
4439,616751751,617009646,257895
4440,617017505,617334750,317245
4441,617344554,617602349,257795
4442,617609745,617867633,257888
4443,617874953,618132831,257878
4444,618140101,618398090,257989
4445,618405412,618663401,257989
4446,618670686,618928787,258101
4447,618936064,619194168,258104
4448,619201453,619459768,258315
4449,619467053,619725272,258219
4450,619732557,619990891,258334
4451,619998266,620251481,253215
4452,620259197,620517651,258454
4453,620524934,620783381,258447
4454,620790661,621049682,259021
4455,621057343,621377470,320127
4456,621387922,621646630,258708
4457,621654183,621912891,258708
4458,621920201,622179019,258818
4459,622186314,622445330,259016
4460,622453038,622711962,258924
4461,622719239,622974210,254971
4462,622981490,623240529,259039
4463,623247799,623506845,259046
4464,623514122,623773279,259157
4465,623780649,624039805,259156
4466,624047080,624306504,259424
4467,624313782,624573054,259272
4468,624580328,624839718,259390
4469,624846993,625106377,259384
4470,625113652,625435140,321488
4471,625444888,625704400,259512
4472,625712091,625988862,276771
4473,626000076,626259782,259706
4474,626267307,626556370,289063
4475,626567812,626820050,252238
4476,626827568,627087453,259885
4477,627094796,627354646,259850
4478,627361961,627621927,259966
4479,627629240,627889208,259968
4480,627896520,628156606,260086
4481,628163919,628424005,260086
4482,628431315,628691514,260199
4483,628698824,628959020,260196
4484,628966330,629226647,260317
4485,629245301,629505731,260430
4486,629513337,629773768,260431
4487,629781111,630041533,260422
4488,630048830,630309368,260538
4489,630316670,630577207,260537
4490,630584505,630845155,260650
4491,630852455,631113107,260652
4492,631120404,631381172,260768
4493,631388470,631641822,253352
4494,631649120,631910000,260880
4495,631917300,632178183,260883
4496,632185480,632446479,260999
4497,632453779,632714777,260998
4498,632722077,632983190,261113
4499,632990490,633268525,278035
4500,633279240,633540539,261299
4501,633548122,633809366,261244
4502,633816716,634078060,261344
4503,634085405,634346750,261345
4504,634354087,634651673,297586
4505,634661286,634918447,257161
4506,634926038,635187109,261071
4507,635194499,635455392,260893
4508,635463900,635725896,261996
4509,635733634,635995627,261993
4510,636003491,636309988,306497
4511,636326440,636601843,275403
4512,636614037,636876072,262035
4513,636883651,637145847,262196
4514,637153726,637423768,270042
4515,637433915,637695615,261700
4516,637703428,637962251,258823
4517,637970180,638232757,262577
4518,638240528,638501542,261014
4519,638509258,638771687,262429
4520,638779593,639041113,261520
4521,639049222,639312057,262835
4522,639320077,639582897,262820
4523,639591051,639854322,263271
4524,639862905,640125528,262623
4525,640132930,640395542,262612
4526,640402928,640665657,262729
4527,640673025,640935752,262727
4528,640943138,641205980,262842
4529,641213350,641482087,268737
4530,641491941,641754924,262983
4531,641762424,642025630,263206
4532,642033777,642296853,263076
4533,642304211,642567281,263070
4534,642574624,642837807,263183
4535,642845150,643108336,263186
4536,643115678,643378982,263304
4537,643386322,643686235,299913
4538,643696765,643960465,263700
4539,643968361,644224997,256636
4540,644232517,644496049,263532
4541,644503594,644767212,263618
4542,644774622,645038264,263642
4543,645045732,645316338,270606
4544,645326156,645584787,258631
4545,645592347,645856270,263923
4546,645864051,646127924,263873
4547,646135316,646399181,263865
4548,646406541,646670524,263983
4549,646677884,646937329,259445
4550,646944682,647208777,264095
4551,647216130,647480226,264096
4552,647487586,647751797,264211
4553,647759149,648023360,264211
4554,648030710,648295197,264487
4555,648302928,648567257,264329
4556,648574734,648839178,264444
4557,648846543,649111020,264477
4558,649118373,649388879,270506
4559,649398642,649663224,264582
4560,649670692,649935391,264699
4561,649942781,650207464,264683
4562,650214811,650479611,264800
4563,650486951,650751753,264802
4564,650759093,651024009,264916
4565,651031364,651296279,264915
4566,651303636,651572661,269025
4567,651593381,651858687,265306
4568,651866546,652131714,265168
4569,652139122,652404285,265163
4570,652411672,652676953,265281
4571,652684346,652949622,265276
4572,652957015,653229260,272245
4573,653238988,653504497,265509
4574,653511950,653777459,265509
4575,653784859,654049118,264259
4576,654056621,654322248,265627
4577,654329610,654595230,265620
4578,654602597,654868334,265737
4579,654875702,655141436,265734
4580,655148797,655414649,265852
4581,655422004,655687856,265852
4582,655695211,655961179,265968
4583,655968537,656234504,265967
4584,656241869,656507950,266081
4585,656515315,656781395,266080
4586,656788761,657054956,266195
4587,657062321,657335547,273226
4588,657346052,657612373,266321
4589,657620058,657886382,266324
4590,657893777,658160208,266431
4591,658167599,658460601,293002
4592,658470018,658736607,266589
4593,658744173,659010694,266521
4594,659018150,659283972,265822
4595,659291412,659558242,266830
4596,659566141,659832908,266767
4597,659840356,660107176,266820
4598,660114706,660381583,266877
4599,660389026,660653433,264407
4600,660660945,660927933,266988
4601,660935436,661198920,263484
4602,661210450,661480255,269805
4603,661490274,661757401,267127
4604,661764889,662032135,267246
4605,662039558,662306801,267243
4606,662314204,662581560,267356
4607,662589017,662856551,267534
4608,662864596,663132077,267481
4609,663140099,663407798,267699
4610,663415887,663692054,276167
4611,663707083,664033602,326519
4612,664052680,664396902,344222
4613,664415234,664758827,343593
4614,664777095,665120373,343278
4615,665137872,665484673,346801
4616,665504560,665839061,334501
4617,665858067,666195257,337190
4618,666211017,666527566,316549
4619,666545950,666884829,338879
4620,666903233,667240947,337714
4621,667256877,667591707,334830
4622,667606309,667946091,339782
4623,667960192,668295603,335411
4624,668310742,668647250,336508
4625,668661818,668994928,333110
4626,669009182,669366785,357603
4627,669388472,669727986,339514
4628,669742094,670081217,339123
4629,670099944,670421359,321415
4630,670436826,670705340,268514
4631,670713216,670981943,268727
4632,670989320,671260631,271311
4633,671272411,671607564,335153
4634,671625748,671935638,309890
4635,671950796,672212065,261269
4636,672220009,672489109,269100
4637,672496490,672765582,269092
4638,672772930,673042115,269185
4639,673049468,673337964,288496
4640,673349792,673619158,269366
4641,673626671,673895997,269326
4642,673903309,674172745,269436
4643,674180040,674449461,269421
4644,674456746,674726287,269541
4645,674733572,675003113,269541
4646,675010396,675280055,269659
4647,675287339,675557003,269664
4648,675564288,675834063,269775
4649,675841350,676120840,279490
4650,676131676,676401636,269960
4651,676409088,676678985,269897
4652,676686295,676956305,270010
4653,676963585,677280479,316894
4654,677292992,677564510,271518
4655,677572101,677862457,290356
4656,677878107,678246052,367945
4657,678261825,678530173,268348
4658,678538127,678804977,266850
4659,678812392,679076220,263828
4660,679083525,679353991,270466
4661,679361328,679631799,270471
4662,679639127,679909713,270586
4663,679917045,680187634,270589
4664,680194964,680465671,270707
4665,680472998,680743705,270707
4666,680751032,681021851,270819
4667,681029179,681317352,288173
4668,681329869,681600871,271002
4669,681608519,681879469,270950
4670,681886731,682157784,271053
4671,682165043,682436088,271045
4672,682443346,682714516,271170
4673,682721773,682992938,271165
4674,683000193,683271483,271290
4675,683278748,683550066,271318
4676,683557321,683828716,271395
4677,683835971,684107369,271398
4678,684114624,684386138,271514
4679,684393395,684691637,298242
4680,684701804,684973525,271721
4681,684981108,685266760,285652
4682,685278315,685550107,271792
4683,685557625,685829399,271774
4684,685836734,686108598,271864
4685,686115908,686387762,271854
4686,686395062,686667032,271970
4687,686674329,686946299,271970
4688,686953591,687225681,272090
4689,687232976,687528526,295550
4690,687538437,687808698,270261
4691,687816231,688088215,271984
4692,688095538,688365638,270100
4693,688372955,688665389,292434
4694,688674914,688947395,272481
4695,688968543,689284888,316345
4696,689297666,689565586,267920
4697,689573688,689846261,272573
4698,689853699,690126373,272674
4699,690133748,690406416,272668
4700,690413777,690686568,272791
4701,690693926,690966717,272791
4702,690974067,691246976,272909
4703,691254326,691527236,272910
4704,691534591,691807618,273027
4705,691814973,692087997,273024
4706,692095352,692368492,273140
4707,692375842,692648982,273140
4708,692656330,692929585,273255
4709,692936930,693224130,287200
4710,693235961,693509389,273428
4711,693516980,693790340,273360
4712,693797663,694071146,273483
4713,694078456,694351931,273475
4714,694359224,694632815,273591
4715,694640110,694913698,273588
4716,694920990,695194696,273706
4717,695201986,695475695,273709
4718,695482987,695756809,273822
4719,695764101,696036883,272782
4720,696044173,696318112,273939
4721,696325399,696605922,280523
4722,696615384,696889436,274052
4723,696896949,697240542,343593
4724,697251970,697526202,274232
4725,697533785,697807925,274140
4726,697815300,698089590,274290
4727,698096940,698371218,274278
4728,698378555,698652948,274393
4729,698660283,698934678,274395
4730,698942008,699216516,274508
4731,699223844,699498354,274510
4732,699505682,699780305,274623
4733,699787635,700062259,274624
4734,700069589,700344327,274738
4735,700351657,700626431,274774
4736,700633758,700908615,274857
4737,700915940,701204709,288769
4738,701264219,701540754,276535
4739,701549195,701824174,274979
4740,701831632,702106713,275081
4741,702114074,702389145,275071
4742,702396493,702671683,275190
4743,702679103,702954300,275197
4744,702961680,703236993,275313
4745,703244350,703519658,275308
4746,703526995,703802415,275420
4747,703809753,704085176,275423
4748,704092513,704368051,275538
4749,704375389,704650929,275540
4750,704658267,704933918,275651
4751,704941255,705226983,285728
4752,705237649,705513452,275803
4753,705520938,705796714,275776
4754,705804069,706079950,275881
4755,706087273,706363154,275881
4756,706370466,706646466,276000
4757,706653771,706929770,275999
4758,706937080,707213192,276112
4759,707220499,707496613,276114
4760,707503923,707780150,276227
4761,707787458,708089534,302076
4762,708099578,708375971,276393
4763,708383529,708678734,295205
4764,708688307,708964895,276588
4765,708972618,709257185,284567
4766,709267144,709543755,276611
4767,709551218,709827806,276588
4768,709835141,710111836,276695
4769,710119141,710395837,276696
4770,710403140,710679951,276811
4771,710687251,710964062,276811
4772,710971357,711248285,276928
4773,711255583,711532509,276926
4774,711539804,711816848,277044
4775,711824146,712101187,277041
4776,712108490,712385649,277159
4777,712392949,712670106,277157
4778,712677408,712954680,277272
4779,712961983,713249517,287534
4780,713259483,713536901,277418
4781,713544294,713821683,277389
4782,713829008,714106511,277503
4783,714113809,714391316,277507
4784,714398624,714676237,277613
4785,714683529,714961145,277616
4786,714968432,715239522,271090
4787,715246807,715524543,277736
4788,715531832,715809711,277879
4789,715816999,716094845,277846
4790,716102134,716380096,277962
4791,716387383,716669003,281620
4792,716676722,716954808,278086
4793,716962198,717245728,283530
4794,717256320,717534560,278240
4795,717542083,717820315,278232
4796,717827692,718106030,278338
4797,718113400,718391724,278324
4798,718399047,718677489,278442
4799,718684807,718963247,278440
4800,718970574,719249127,278553
4801,719256447,719534997,278550
4802,719542305,719820973,278668
4803,719828283,720106951,278668
4804,720114263,720393046,278783
4805,720400356,720679137,278781
4806,720686452,720965348,278896
4807,720972660,721260954,288294
4808,721270519,721549553,279034
4809,721556948,721835970,279022
4810,721843272,722122414,279142
4811,722129701,722403518,273817
4812,722410802,722690052,279250
4813,722697334,722976586,279252
4814,722983871,723263238,279367
4815,723270518,723549885,279367
4816,723557170,723831079,273909
4817,723838362,724117844,279482
4818,724125126,724404724,279598
4819,724412007,724691604,279597
4820,724698887,724978602,279715
4821,724985887,725271261,285374
4822,725280836,725560677,279841
4823,725576956,725865042,288086
4824,725880403,726172080,291677
4825,726183329,726463375,280046
4826,726470878,726750945,280067
4827,726758285,727038349,280064
4828,727045636,727325813,280177
4829,727333115,727613287,280172
4830,727620582,727900868,280286
4831,727908163,728188455,280292
4832,728195758,728476165,280407
4833,728483467,728763877,280410
4834,728771169,729112830,341661
4835,729123611,729404203,280592
4836,729411696,729692341,280645
4837,729699649,729980284,280635
4838,729987594,730268347,280753
4839,730275665,730556417,280752
4840,730563735,730844598,280863
4841,730851916,731132784,280868
4842,731140096,731421075,280979
4843,731428392,731709373,280981
4844,731716688,731997782,281094
4845,732005097,732286196,281099
4846,732293511,732574727,281216
4847,732582040,732863254,281214
4848,732870571,733158499,287928
4849,733168320,733449669,281349
4850,733457075,733738539,281464
4851,733745827,734027294,281467
4852,734034584,734316146,281562
4853,734323421,734604983,281562
4854,734612263,734893941,281678
4855,734901218,735182896,281678
4856,735190178,735471974,281796
4857,735479256,735761052,281796
4858,735768329,736050237,281908
4859,736057515,736339426,281911
4860,736346703,736628759,282056
4861,736636034,736918092,282058
4862,736925370,737213463,288093
4863,737223151,737505302,282151
4864,737512700,737794964,282264
4865,737802244,738084498,282254
4866,738091755,738374127,282372
4867,738381387,738663761,282374
4868,738671016,738953506,282490
4869,738960763,739243250,282487
4870,739250508,739533112,282604
4871,739540370,739822975,282605
4872,739830230,740112950,282720
4873,740120207,740402925,282718
4874,740410185,740693017,282832
4875,740700275,740983113,282838
4876,740990368,741280993,290625
4877,741291313,741574266,282953
4878,741581732,741864798,283066
4879,741872115,742155169,283054
4880,742162451,742445622,283171
4881,742452902,742736071,283169
4882,742743351,743026637,283286
4883,743033922,743317206,283284
4884,743324486,743607920,283434
4885,743615198,743898635,283437
4886,743905912,744189429,283517
4887,744196709,744480226,283517
4888,744487506,744771138,283632
4889,744778418,745066228,287810
4890,745075894,745368961,293067
4891,745376376,745660126,283750
4892,745667404,745951274,283870
4893,745958534,746242404,283870
4894,746249659,746533642,283983
4895,746540897,746824878,283981
4896,746832135,747116231,284096
4897,747123486,747407585,284099
4898,747414839,747699053,284214
4899,747706308,747990522,284214
4900,747997774,748282103,284329
4901,748289360,748573689,284329
4902,748580944,748865388,284444
4903,748872643,749162726,290083
4904,749172329,749456899,284570
4905,749464336,749748901,284565
4906,749756223,750040896,284673
4907,750048196,750332865,284669
4908,750340165,750624983,284818
4909,750632285,750917071,284786
4910,750924371,751209271,284900
4911,751216568,751501469,284901
4912,751508796,751793812,285016
4913,751801112,752086125,285013
4914,752093425,752378558,285133
4915,752385853,752670987,285134
4916,752678287,752963533,285246
4917,752970830,753263487,292657
4918,753273754,753558780,285026
4919,753566232,753851611,285379
4920,753858936,754144423,285487
4921,754151718,754437202,285484
4922,754444497,754730097,285600
4923,754737392,755023011,285619
4924,755030309,755316024,285715
4925,755323349,755609066,285717
4926,755616361,755902188,285827
4927,755909486,756195311,285825
4928,756202608,756488551,285943
4929,756495844,756781789,285945
4930,756789086,757081613,292527
4931,757091341,757377421,286080
4932,757384859,757671038,286179
4933,757678345,757964516,286171
4934,757971811,758258097,286286
4935,758265390,758551676,286286
4936,758558968,758845372,286404
4937,758852664,759139066,286402
4938,759146361,759432880,286519
4939,759440173,759726692,286519
4940,759733982,760020616,286634
4941,760027911,760314543,286632
4942,760321838,760608585,286747
4943,760615880,760902630,286750
4944,760909922,761202028,292106
4945,761211618,761498501,286883
4946,761505928,761792909,286981
4947,761800221,762087206,286985
4948,762094504,762381630,287126
4949,762388932,762676033,287101
4950,762683335,762970549,287214
4951,762986066,763273672,287606
4952,763281574,763568933,287359
4953,763576288,763863609,287321
4954,763870936,764158375,287439
4955,764165703,764460214,294511
4956,764467536,764755088,287552
4957,764762408,765058224,295816
4958,765068574,765356289,287715
4959,765363782,765651474,287692
4960,765658824,765945989,287165
4961,765953297,766241084,287787
4962,766248399,766536297,287898
4963,766543694,766831597,287903
4964,766838899,767126917,288018
4965,767134217,767422235,288018
4966,767429535,767717665,288130
4967,767724970,768013106,288136
4968,768020416,768308664,288248
4969,768315979,768604230,288251
4970,768611543,768899904,288361
4971,768907216,769201975,294759
4972,769211593,769500085,288492
4973,769507530,769796024,288494
4974,769803389,770091991,288602
4975,770099328,770387935,288607
4976,770395272,770683984,288712
4977,770691322,770980036,288714
4978,770987374,771276206,288832
4979,771283544,771572373,288829
4980,771579711,771868656,288945
4981,771875993,772164939,288946
4982,772172276,772461336,289060
4983,772468674,772757734,289060
4984,772765069,773059948,294879
4985,773069601,773358807,289206
4986,773366235,773655531,289296
4987,773662876,773952174,289298
4988,773959494,774248908,289414
4989,774256225,774545634,289409
4990,774552946,774842473,289527
4991,774849785,775139312,289527
4992,775146624,775436263,289639
4993,775443578,775733218,289640
4994,775740530,776051172,310642
4995,776063291,776353118,289827
4996,776360656,776650546,289890
4997,776657888,776947818,289930
4998,776955136,777248693,293557
4999,777259374,777549389,290015
5000,777556897,777847020,290123
5001,777854355,778144468,290113
5002,778151785,778442018,290233
5003,778449336,778739564,290228
5004,778746886,779037232,290346
5005,779044550,779334893,290343
5006,779342213,779632674,290461
5007,779639994,779930455,290461
5008,779937773,780228352,290579
5009,780235669,780526246,290577
5010,780533566,780824262,290696
5011,780831580,781128536,296956
5012,781138275,781429094,290819
5013,781436524,781727339,290815
5014,781734666,782025594,290928
5015,782032899,782323861,290962
5016,782331166,782622246,291080
5017,782629551,782920591,291040
5018,782927899,783219054,291155
5019,783226361,783517522,291161
5020,783524829,783816100,291271
5021,783823407,784114678,291271
5022,784121985,784413371,291386
5023,784420679,784712069,291390
5024,784719377,785016594,297217
5025,785026267,785317778,291511
5026,785325221,785616838,291617
5027,785624183,785915802,291619
5028,785923124,786214861,291737
5029,786222186,786513920,291734
5030,786521245,786813097,291852
5031,786820422,787112271,291849
5032,787119604,787411571,291967
5033,787418914,787710881,291967
5034,787718206,788010288,292082
5035,788017621,788309704,292083
5036,788317026,788609224,292198
5037,788616549,788908744,292195
5038,788916069,789215935,299866
5039,789226242,789518553,292311
5040,789526094,789818537,292443
5041,789825907,790118330,292423
5042,790125673,790418217,292544
5043,790425552,790718095,292543
5044,790725430,791018087,292657
5045,791025424,791318081,292657
5046,791325418,791618187,292769
5047,791625525,791918321,292796
5048,791925672,792218561,292889
5049,792225911,792518803,292892
5050,792526151,792819160,293009
5051,792826495,793125086,298591
5052,793134706,793423689,288983
5053,793431187,793724309,293122
5054,793731662,794024905,293243
5055,794032242,794325483,293241
5056,794332810,794626166,293356
5057,794633491,794926849,293358
5058,794934174,795227645,293471
5059,795234972,795528445,293473
5060,795535768,795829356,293588
5061,795836684,796130273,293589
5062,796137595,796431299,293704
5063,796438627,796732330,293703
5064,796739655,797038757,299102
5065,797048282,797342144,293862
5066,797349549,797643484,293935
5067,797650829,797944768,293939
5068,797952093,798246171,294078
5069,798253491,798547538,294047
5070,798554855,798849020,294165
5071,798856340,799150503,294163
5072,799157823,799452126,294303
5073,799459443,799753721,294278
5074,799761043,800055434,294391
5075,800062754,800357147,294393
5076,800364467,800658975,294508
5077,800666300,800960809,294509
5078,800968146,801270222,302076
5079,801288506,801574644,286138
5080,801582481,801877244,294763
5081,801884612,802179351,294739
5082,802186673,802481528,294855
5083,802488848,802783697,294849
5084,802791017,803085984,294967
5085,803093311,803388276,294965
5086,803395601,803690685,295084
5087,803698005,803993087,295082
5088,804000412,804295610,295198
5089,804302935,804598132,295197
5090,804605457,804900768,295311
5091,804908090,805209570,301480
5092,805219198,805514641,295443
5093,805522101,805817549,295448
5094,805824925,806120463,295538
5095,806127803,806423344,295541
5096,806430674,806719972,289298
5097,806727297,807022958,295661
5098,807030286,807326054,295768
5099,807333382,807629151,295769
5100,807636478,807932365,295887
5101,807939692,808235581,295889
5102,808242909,808538913,296004
5103,808546241,808842248,296007
5104,808849573,809150847,301274
5105,809160317,809456447,296130
5106,809463880,809760117,296237
5107,809767450,810063680,296230
5108,810070997,810367342,296345
5109,810374660,810671005,296345
5110,810678323,810974781,296458
5111,810982098,811278125,296027
5112,811285445,811582021,296576
5113,811589336,811885911,296575
5114,811893229,812189920,296691
5115,812197237,812493951,296714
5116,812501266,812798072,296806
5117,812805392,813109676,304284
5118,813120066,813417003,296937
5119,813424486,813721417,296931
5120,813728772,814025804,297032
5121,814033129,814330158,297029
5122,814337478,814634628,297150
5123,814641943,814939090,297147
5124,814946410,815243672,297262
5125,815250987,815548250,297263
5126,815555562,815852942,297380
5127,815860255,816157633,297378
5128,816164953,816462443,297490
5129,816469763,816767253,297490
5130,816774573,817077768,303195
5131,817087225,817384856,297631
5132,817392261,817690000,297739
5133,817697335,817995076,297741
5134,818002381,818300234,297853
5135,818307532,818605381,297849
5136,818612681,818910642,297961
5137,818917942,819215906,297964
5138,819223204,819521283,298079
5139,819528583,819826662,298079
5140,819833960,820132154,298194
5141,820139454,820437649,298195
5142,820444946,820743256,298310
5143,820750556,821052943,302387
5144,821062471,821360944,298473
5145,821368351,821666782,298431
5146,821674114,821972662,298548
5147,821979967,822278513,298546
5148,822285810,822584466,298656
5149,822591766,822890424,298658
5150,822897721,823196495,298774
5151,823203790,823502586,298796
5152,823509883,823808772,298889
5153,823816069,824114958,298889
5154,824122256,824421260,299004
5155,824428557,824727561,299004
5156,824734859,825040794,305935
5157,825051064,825350208,299144
5158,825357689,825656928,299239
5159,825664276,825963506,299230
5160,825970838,826290464,319626
5161,826302144,826601594,299450
5162,826609140,826908613,299473
5163,826915943,827215408,299465
5164,827222738,827522318,299580
5165,827529626,827829201,299575
5166,827836511,828136197,299686
5167,828143507,828443200,299693
5168,828450515,828750321,299806
5169,828757638,829066015,308377
5170,829075853,829375802,299949
5171,829383272,829683229,299957
5172,829690591,829990628,300037
5173,829997958,830297999,300041
5174,830305329,830605481,300152
5175,830612809,830912963,300154
5176,830920298,831220568,300270
5177,831227903,831528172,300269
5178,831535507,831835895,300388
5179,831843222,832143624,300402
5180,832150952,832451455,300503
5181,832458807,832759305,300498
5182,832766635,833071894,305259
5183,833081579,833382207,300628
5184,833389613,833690373,300760
5185,833697703,833998429,300726
5186,834005729,834306572,300843
5187,834313867,834614708,300841
5188,834621996,834922954,300958
5189,834930244,835231203,300959
5190,835238490,835539564,301074
5191,835546852,835847926,301074
5192,835855213,836156402,301189
5193,836163695,836464882,301187
5194,836472172,836773474,301302
5195,836780761,837090282,309521
5196,837100757,837402190,301433
5197,837409653,837711093,301440
5198,837718463,838020003,301540
5199,838027335,838328875,301540
5200,838336205,838637861,301656
5201,838645193,838946849,301656
5202,838954181,839255952,301771
5203,839263279,839565053,301774
5204,839572383,839867061,294678
5205,839874396,840176285,301889
5206,840183627,840485631,302004
5207,840501065,840803415,302350
5208,840811434,841122903,311469
5209,841132994,841435134,302140
5210,841442551,841744788,302237
5211,841752103,842054342,302239
5212,842061645,842363999,302354
5213,842371299,842673644,302345
5214,842680939,842983401,302462
5215,842990696,843293158,302462
5216,843300451,843603031,302580
5217,843610326,843912938,302612
5218,843920253,844222946,302693
5219,844230239,844532934,302695
5220,844540229,844843037,302808
5221,844850332,845158936,308604
5222,845168873,845471836,302963
5223,845479362,845782300,302938
5224,845789635,846092686,303051
5225,846099976,846403030,303054
5226,846410315,846713479,303164
5227,846720766,847023930,303164
5228,847031210,847334489,303279
5229,847341769,847645056,303287
5230,847652336,847955736,303400
5231,847963015,848266448,303433
5232,848273727,848577237,303510
5233,848584520,848888029,303509
5234,848895309,849206712,311403
5235,849217042,849520692,303650
5236,849528135,849831883,303748
5237,849839228,850142956,303728
5238,850150261,850454104,303843
5239,850461409,850765252,303843
5240,850772554,851076515,303961
5241,851083820,851387779,303959
5242,851395081,851699157,304076
5243,851706460,852010533,304073
5244,852017836,852322027,304191
5245,852329330,852633521,304191
5246,852640824,852945128,304304
5247,852952430,853262373,309943
5248,853271928,853576365,304437
5249,853583798,853888230,304432
5250,853895555,854200127,304572
5251,854207427,854511977,304550
5252,854519267,854823962,304695
5253,854831257,855135917,304660
5254,855143207,855447985,304778
5255,855455280,855760055,304775
5256,855767345,856072238,304893
5257,856079533,856384424,304891
5258,856391716,856696725,305009
5259,856704017,857014163,310146
5260,857023861,857329017,305156
5261,857336492,857641629,305137
5262,857648913,857954155,305242
5263,857961445,858266686,305241
5264,858273964,858579323,305359
5265,858586605,858891960,305355
5266,858899239,859204709,305470
5267,859211994,859515514,303520
5268,859522791,859824790,301999
5269,859832072,860137657,305585
5270,860144939,860450639,305700
5271,860457922,860763624,305702
5272,860770924,861084154,313230
5273,861094394,861400254,305860
5274,861407699,861713642,305943
5275,861720975,862026898,305923
5276,862034193,862339670,305477
5277,862346962,862653001,306039
5278,862660293,862966449,306156
5279,862973742,863279895,306153
5280,863287270,863593542,306272
5281,863600834,863907106,306272
5282,863914396,864220785,306389
5283,864228082,864534499,306417
5284,864541791,864848291,306500
5285,864855588,865164145,308557
5286,865173738,865480365,306627
5287,865487758,865794375,306617
5288,865801673,866108413,306740
5289,866115728,866422463,306735
5290,866429753,866736603,306850
5291,866743895,867050746,306851
5292,867058031,867364999,306968
5293,867372284,867679252,306968
5294,867686536,867993617,307081
5295,868000905,868307988,307083
5296,868315275,868622474,307199
5297,868629762,868936958,307196
5298,868944245,869273441,329196
5299,869286056,869593455,307399
5300,869600996,869908438,307442
5301,869915700,870223124,307424
5302,870230389,870537931,307542
5303,870545186,870845353,300167
5304,870852605,871160265,307660
5305,871167520,871475179,307659
5306,871482434,871790209,307775
5307,871797461,872105256,307795
5308,872112511,872420404,307893
5309,872427689,872735582,307893
5310,872742834,873058037,315203
5311,873068472,873376500,308028
5312,873383995,873692119,308124
5313,873699396,874012426,313030
5314,874019691,874327929,308238
5315,874335169,874643410,308241
5316,874650650,874959002,308352
5317,874966244,875274598,308354
5318,875281840,875590312,308472
5319,875597554,875906023,308469
5320,875913263,876239778,326515
5321,876251230,876559900,308670
5322,876567355,876876067,308712
5323,876883410,877200314,316904
5324,877210198,877590817,380619
5325,877609085,877929729,320644
5326,877943709,878252793,309084
5327,878260616,878573080,312464
5328,878580525,878889583,309058
5329,878896916,879205971,309055
5330,879213314,879522482,309168
5331,879529825,879838993,309168
5332,879846338,880155627,309289
5333,880162974,880472263,309289
5334,880479623,880789024,309401
5335,880809082,881139110,330028
5336,881152340,881461921,309581
5337,881469577,881779104,309527
5338,881786489,882096123,309634
5339,882103473,882413098,309625
5340,882420433,882730173,309740
5341,882737513,883047255,309742
5342,883054587,883364447,309860
5343,883371780,883681637,309857
5344,883688970,883998943,309973
5345,884006280,884316255,309975
5346,884323588,884633673,310085
5347,884641006,884951094,310088
5348,884958429,885317035,358606
5349,885329086,885639370,310284
5350,885646953,885957284,310331
5351,885964622,886274943,310321
5352,886282250,886592687,310437
5353,886599994,886960648,360654
5354,886975152,887284820,309668
5355,887292596,887603160,310564
5356,887610500,887921172,310672
5357,887928497,888239189,310692
5358,888246509,888557301,310792
5359,888564621,888875413,310792
5360,888882736,889222610,339874
5361,889234165,889545095,310930
5362,889552613,889863628,311015
5363,889870930,890181943,311013
5364,890189253,890500401,311148
5365,890507696,890818824,311128
5366,890826124,891137367,311243
5367,891144672,891455916,311244
5368,891463218,891774597,311379
5369,891781894,892093253,311359
5370,892100550,892412021,311471
5371,892419319,892730790,311471
5372,892738088,893067517,329429
5373,893079410,893391092,311682
5374,893398570,893710294,311724
5375,893717647,894029359,311712
5376,894036701,894348524,311823
5377,894355859,894667681,311822
5378,894675011,894991309,316298
5379,894999185,895311137,311952
5380,895318515,895630573,312058
5381,895637918,895949975,312057
5382,895957326,896269499,312173
5383,896276846,896589019,312173
5384,896596369,896908660,312291
5385,896916010,897241117,325107
5386,897252925,897565368,312443
5387,897572932,897885330,312398
5388,897892708,898205219,312511
5389,898212574,898523056,310482
5390,898530403,898843025,312622
5391,898850367,899162991,312624
5392,899170331,899483071,312740
5393,899490411,899803150,312739
5394,899810493,900123345,312852
5395,900130687,900443547,312860
5396,900450887,900763862,312975
5397,900771202,901098293,327091
5398,901109655,901422790,313135
5399,901430384,901743479,313095
5400,901750849,902064052,313203
5401,902071397,902384602,313205
5402,902391957,902705276,313319
5403,902712631,903025949,313318
5404,903033299,903346735,313436
5405,903354085,903667519,313434
5406,903674874,903988425,313551
5407,903995773,904309324,313551
5408,904316674,904630340,313666
5409,904637688,904961802,324114
5410,904976021,905294131,318110
5411,905303561,905617385,313824
5412,905624868,905938775,313907
5413,905946148,906260050,313902
5414,906267395,906581412,314017
5415,906588760,906902777,314017
5416,906910127,907224260,314133
5417,907231613,907545745,314132
5418,907553105,907867373,314268
5419,907874723,908188974,314251
5420,908196316,908510682,314366
5421,908518027,908832393,314366
5422,908839738,909163308,323570
5423,909174021,909488530,314509
5424,909495982,909810596,314614
5425,909817954,910132553,314599
5426,910139863,910454572,314709
5427,910461877,910776588,314711
5428,910783881,911098707,314826
5429,911106005,911420829,314824
5430,911428124,911743066,314942
5431,911750361,912065303,314942
5432,912072598,912387656,315058
5433,912394951,912710008,315057
5434,912717303,913038931,321628
5435,913048624,913363819,315195
5436,913371219,913686512,315293
5437,913693895,914009175,315280
5438,914016488,914331884,315396
5439,914339199,914654627,315428
5440,914661939,914977455,315516
5441,914984755,915300271,315516
5442,915307571,915623197,315626
5443,915630512,915946139,315627
5444,915953454,916269195,315741
5445,916276508,916592282,315774
5446,916599594,916915454,315860
5447,916922766,917244023,321257
5448,917253591,917569588,315997
5449,917576998,917892975,315977
5450,917900310,918216408,316098
5451,918223695,918539793,316098
5452,918547080,918863293,316213
5453,918870593,919186803,316210
5454,919194105,919510431,316326
5455,919517733,919834056,316323
5456,919841361,920157802,316441
5457,920165109,920481547,316438
5458,920488852,920805406,316554
5459,920812708,921131783,319075
5460,921142087,921458804,316717
5461,921466274,921782963,316689
5462,921790308,922107117,316809
5463,922123464,922431191,307727
5464,922438995,922755899,316904
5465,922763282,923080178,316896
5466,923087538,923404551,317013
5467,923411891,923728905,317014
5468,923736255,924053385,317130
5469,924060738,924377865,317127
5470,924385215,924702458,317243
5471,924709810,925033295,323485
5472,925043043,925360421,317378
5473,925367822,925685192,317370
5474,925692547,926010035,317488
5475,926017350,926357355,340005
5476,926369371,926687072,317701
5477,926694673,927012281,317608
5478,927019584,927337295,317711
5479,927344612,927662324,317712
5480,927669629,927982035,312406
5481,927989340,928307194,317854
5482,928314499,928632445,317946
5483,928639753,928966207,326454
5484,928976149,929294258,318109
5485,929301759,929619828,318069
5486,929627198,929945376,318178
5487,929952723,930270898,318175
5488,930278246,930596528,318282
5489,930603883,930922166,318283
5490,930929511,931247911,318400
5491,931255256,931573657,318401
5492,931581002,931899550,318548
5493,931906898,932225408,318510
5494,932232756,932551384,318628
5495,932558734,932877363,318629
5496,932884710,933211889,327179
5497,933222557,933541323,318766
5498,933548796,933867703,318907
5499,933875060,934193927,318867
5500,934201232,934520219,318987
5501,934527531,934846515,318984
5502,934853833,935172935,319102
5503,935180250,935499349,319099
5504,935506667,935825882,319215
5505,935833197,936152411,319214
5506,936159726,936479059,319333
5507,936486374,936805737,319363
5508,936813047,937138228,325181
5509,937147896,937488299,340403
5510,937498859,937818493,319634
5511,937826041,938145614,319573
5512,938152984,938472660,319676
5513,938480013,938799688,319675
5514,938807036,939126830,319794
5515,939134177,939453971,319794
5516,939461316,939781225,319909
5517,939788560,940108469,319909
5518,940115811,940435836,320025
5519,940443181,940763205,320024
5520,940770548,941096303,325755
5521,941106089,941426248,320159
5522,941433674,941753931,320257
5523,941761233,942081486,320253
5524,942088766,942409136,320370
5525,942416416,942736778,320362
5526,942744053,943064533,320480
5527,943071808,943392289,320481
5528,943399561,943720157,320596
5529,943727434,944048030,320596
5530,944055302,944376015,320713
5531,944383290,944703999,320709
5532,944711274,945040292,329018
5533,945050737,945371591,320854
5534,945379054,945700015,320961
5535,945707393,946028339,320946
5536,946035667,946356733,321066
5537,946364051,946685118,321067
5538,946692435,947013612,321177
5539,947020932,947342112,321180
5540,947349429,947670726,321297
5541,947678044,947999339,321295
5542,948006659,948328069,321410
5543,948335386,948653107,317721
5544,948660427,948988248,327821
5545,948997951,949319524,321573
5546,949326949,949648590,321641
5547,949655912,949977560,321648
5548,949984858,950306619,321761
5549,950313914,950635667,321753
5550,950642959,950964831,321872
5551,950972120,951293992,321872
5552,951301287,951623276,321989
5553,951630563,951952549,321986
5554,951959842,952281943,322101
5555,952289233,952611335,322102
5556,952618628,952946380,327752
5557,952956061,953278283,322222
5558,953285736,953608065,322329
5559,953615388,953957643,342255
5560,953969198,954285383,316185
5561,954292951,954615439,322488
5562,954622821,954945404,322583
5563,954952764,955275362,322598
5564,955282712,955605410,322698
5565,955612788,955935481,322693
5566,955942831,956265642,322811
5567,956272990,956595801,322811
5568,956603148,956936346,333198
5569,956947099,957270123,323024
5570,957277589,957600623,323034
5571,957607938,957929255,321317
5572,957936577,958259722,323145
5573,958266906,958590050,323144
5574,958597220,958920475,323255
5575,958927642,959250896,323254
5576,959258063,959581433,323370
5577,959588600,959911972,323372
5578,959919139,960242625,323486
5579,960249792,960573279,323487
5580,960580444,960904047,323603
5581,960917571,961241277,323706
5582,961250732,961574463,323731
5583,961581813,961905523,323710
5584,961912801,962236634,323833
5585,962243839,962567672,323833
5586,962574847,962898798,323951
5587,962905972,963229924,323952
5588,963237101,963561165,324064
5589,963568347,963892411,324064
5590,963899593,964223775,324182
5591,964239577,964563218,323641
5592,964570881,964895183,324302
5593,964902438,965232581,330143
5594,965242066,965566494,324428
5595,965573811,965898233,324422
5596,965905448,966229978,324530
5597,966237190,966561720,324530
5598,966568915,966885301,316386
5599,966892498,967217141,324643
5600,967224335,967549091,324756
5601,967556288,967881046,324758
5602,967888241,968213114,324873
5603,968220311,968545185,324874
5604,968552377,968877365,324988
5605,968884563,969219006,334443
5606,969229394,969554543,325149
5607,969561983,969887077,325094
5608,969894339,970219548,325209
5609,970226781,970551985,325204
5610,970559215,970884536,325321
5611,970891764,971217083,325319
5612,971224313,971549750,325437
5613,971556972,971882415,325443
5614,971889637,972215169,325532
5615,972222391,972547949,325558
5616,972555171,972880839,325668
5617,972888061,973219646,331585
5618,973229116,973554909,325793
5619,973562279,973888064,325785
5620,973895309,974221220,325911
5621,974228442,974554343,325901
5622,974561560,974887576,326016
5623,974894791,975220805,326014
5624,975228022,975554151,326129
5625,975561365,975887497,326132
5626,975894711,976220958,326247
5627,976228173,976577592,349419
5628,976589280,976923551,334271
5629,976933432,977251354,317922
5630,977258714,977585251,326537
5631,977592471,977918958,326487
5632,977926163,978252768,326605
5633,978259957,978586560,326603
5634,978593752,978920472,326720
5635,978927662,979310843,383181
5636,979321341,979689785,368444
5637,979699872,980027133,327261
5638,980034649,980361614,326965
5639,980368947,980695900,326953
5640,980703210,981037694,334484
5641,981047550,981374644,327094
5642,981382039,981709238,327199
5643,981716555,982043734,327179
5644,982051006,982378331,327325
5645,982385608,982712905,327297
5646,982720179,983047591,327412
5647,983054869,983382278,327409
5648,983389556,983717083,327527
5649,983724358,984051907,327549
5650,984059180,984386822,327642
5651,984394097,984721737,327640
5652,984729012,985062919,333907
5653,985072527,985400312,327785
5654,985407785,985735673,327888
5655,985743031,986070904,327873
5656,986078219,986406210,327991
5657,986413522,986741510,327988
5658,986748823,987076929,328106
5659,987084236,987412342,328106
5660,987419650,987751520,331870
5661,987759286,988087517,328231
5662,988094860,988423199,328339
5663,988430519,988758861,328342
5664,988766186,989098487,332301
5665,989108080,989436549,328469
5666,989443969,989772556,328587
5667,989779879,990108454,328575
5668,990115741,990465629,349888
5669,990475418,990804163,328745
5670,990811671,991140473,328802
5671,991147866,991476656,328790
5672,991484061,991812967,328906
5673,991820344,992149260,328916
5674,992156660,992485688,329028
5675,992493063,992822087,329024
5676,992829459,993164910,335451
5677,993174759,993503920,329161
5678,993511398,993840672,329274
5679,993848047,994177311,329264
5680,994184643,994514025,329382
5681,994521347,994850721,329374
5682,994858046,995187538,329492
5683,995194858,995524350,329492
5684,995531672,995861277,329605
5685,995868600,996198204,329604
5686,996205529,996535249,329720
5687,996542574,996872294,329720
5688,996884899,997214842,329943
5689,997224315,997554177,329862
5690,997561630,997891601,329971
5691,997898971,998228944,329973
5692,998236274,998566377,330103
5693,998573712,998903813,330101
5694,998911118,999241299,330181
5695,999248604,999578782,330178
5696,999586090,999916384,330294
5697,999923691,253985,-999669706
5698,261433,591857,330424
5699,599009,936024,337015
5700,946326,1276893,330567
5701,1284266,1614800,330534
5702,1621982,1952627,330645
5703,1959852,2290496,330644
5704,2297628,2628388,330760
5705,2635585,2966345,330760
5706,2973477,3304353,330876
5707,3311555,3642430,330875
5708,3649564,3980557,330993
5709,3987762,4318750,330988
5710,4325882,4656990,331108
5711,4664187,5001435,337248
5712,5010873,5339911,329038
5713,5347249,5678475,331226
5714,5685644,6016981,331337
5715,6024170,6355507,331337
5716,6362636,6694090,331454
5717,6701277,7032731,331454
5718,7039858,7371428,331570
5719,7378615,7710184,331569
5720,7717316,8049001,331685
5721,8056196,8387880,331684
5722,8403427,8725762,322335
5723,8733693,9071320,337627
5724,9080905,9412848,331943
5725,9420193,9752116,331923
5726,9759343,10091381,332038
5727,10098693,10430736,332043
5728,10438001,10770067,332066
5729,10777289,11114329,337040
5730,11121551,11453827,332276
5731,11461089,11788466,327377
5732,11795718,12128105,332387
5733,12135340,12467726,332386
5734,12474946,12807450,332504
5735,12814717,13168570,353853
5736,13178872,13511499,332627
5737,13518894,13851518,332624
5738,13858773,14191493,332720
5739,14198773,14531492,332719
5740,14538757,14871592,332835
5741,14878794,15211629,332835
5742,15218826,15551779,332953
5743,15559051,15892001,332950
5744,15899251,16232316,333065
5745,16239511,16572579,333068
5746,16579774,16918595,338821
5747,16928181,17261384,333203
5748,17268784,17602093,333309
5749,17609337,17942651,333314
5750,17949871,18283299,333428
5751,18290557,18623976,333419
5752,18631218,18964752,333534
5753,18971949,19305486,333537
5754,19312680,19646332,333652
5755,19653589,19987241,333652
5756,19994481,20328248,333767
5757,20335443,20669210,333767
5758,20676407,21015334,338927
5759,21024924,21358817,333893
5760,21366202,21700204,334002
5761,21707464,22041464,334000
5762,22048689,22382807,334118
5763,22390077,22724190,334113
5764,22731452,23065680,334228
5765,23072903,23407128,334225
5766,23414346,23748689,334343
5767,23755959,24090300,334341
5768,24097562,24432021,334459
5769,24439233,24773692,334459
5770,24780909,25122958,342049
5771,25133193,25467774,334581
5772,25475164,25809866,334702
5773,25817111,26151838,334727
5774,26159027,26513957,354930
5775,26525746,26860673,334927
5776,26868226,27203153,334927
5777,27210456,27545383,334927
5778,27552661,27887698,335037
5779,27895023,28230063,335040
5780,28237383,28572536,335153
5781,28579808,28923597,343789
5782,28933548,29268862,335314
5783,29276264,29611530,335266
5784,29618877,29954268,335391
5785,29961521,30296939,335418
5786,30304192,30639690,335498
5787,30646998,30982494,335496
5788,30989791,31325403,335612
5789,31332653,31668267,335614
5790,31675516,32011246,335730
5791,32018553,32354282,335729
5792,32361577,32697422,335845
5793,32704672,33044160,339488
5794,33053705,33389683,335978
5795,33397108,33733070,335962
5796,33740370,34076480,336110
5797,34083718,34419785,336067
5798,34427022,34763205,336183
5799,34770498,35106683,336185
5800,35113958,35450258,336300
5801,35457491,35790401,332910
5802,35797633,36134049,336416
5803,36141339,36477755,336416
5804,36485032,36821563,336531
5805,36828796,37173396,344600
5806,37183846,37520540,336694
5807,37527985,37864659,336674
5808,37871944,38208724,336780
5809,38215958,38552735,336777
5810,38559972,38896867,336895
5811,38904144,39241036,336892
5812,39248306,39585316,337010
5813,39592528,39929538,337010
5814,39936755,40273880,337125
5815,40281153,40618275,337122
5816,40625543,40968783,343240
5817,40978343,41315621,337278
5818,41322956,41660304,337348
5819,41667601,42004965,337364
5820,42012202,42349678,337476
5821,42356867,42694338,337471
5822,42701531,43039117,337586
5823,43046372,43383958,337586
5824,43391193,43728894,337701
5825,43736089,44073790,337701
5826,44081000,44418819,337819
5827,44426081,44763901,337820
5828,44771151,45114636,343485
5829,45124139,45462083,337944
5830,45469365,45807433,338068
5831,45814730,46152785,338055
5832,46160037,46498205,338168
5833,46505405,46843570,338165
5834,46850769,47189050,338281
5835,47196312,47534590,338278
5836,47541837,47880230,338393
5837,47887430,48225826,338396
5838,48233028,48571539,338511
5839,48578799,48925657,346858
5840,48935881,49274530,338649
5841,49281825,49620461,338636
5842,49627669,49966400,338731
5843,49973635,50312371,338736
5844,50319603,50658455,338852
5845,50665642,51004492,338850
5846,51011676,51350643,338967
5847,51357873,51696840,338967
5848,51704075,52043155,339080
5849,52050342,52389424,339082
5850,52396609,52735809,339200
5851,52743038,53084597,341559
5852,53094180,53433505,339325
5853,53440812,53780130,339318
5854,53787320,54126750,339430
5855,54133975,54473403,339428
5856,54480618,54820161,339543
5857,54827334,55166877,339543
5858,55174047,55513708,339661
5859,55529363,55869244,339881
5860,55877068,56216854,339786
5861,56224102,56563886,339784
5862,56571090,56916849,345759
5863,56926482,57266717,340235
5864,57274047,57614066,340019
5865,57621241,57961253,340012
5866,57968427,58308550,340123
5867,58315784,58655904,340120
5868,58663124,59003361,340237
5869,59010536,59350771,340235
5870,59357946,59698296,340350
5871,59705531,60045881,340350
5872,60053103,60393569,340466
5873,60400741,60741209,340468
5874,60748384,61096610,348226
5875,61106907,61447498,340591
5876,61454888,61795586,340698
5877,61802861,62143552,340691
5878,62150787,62491596,340809
5879,62498868,62839677,340809
5880,62846957,63187881,340924
5881,63195114,63536035,340921
5882,63543265,63884307,341042
5883,63891584,64232626,341042
5884,64239906,64581063,341157
5885,64588296,64935440,347144
5886,64944975,65286258,341283
5887,65293665,65634943,341278
5888,65642245,65983643,341398
5889,65990865,66332263,341398
5890,66339468,66680976,341508
5891,66688236,67029741,341505
5892,67036999,67378619,341620
5893,67385834,67727457,341623
5894,67734662,68076401,341739
5895,68083661,68425397,341736
5896,68432652,68774505,341853
5897,68781718,69128616,346898
5898,69138086,69480116,342030
5899,69487446,69829417,341971
5900,69836665,70178749,342084
5901,70185926,70528008,342082
5902,70535193,70877387,342194
5903,70884630,71219973,335343
5904,71227198,71569510,342312
5905,71576687,71918997,342310
5906,71926182,72268610,342428
5907,72275852,72618277,342425
5908,72625505,73032940,407435
5909,73043031,73385592,342561
5910,73392949,73735620,342671
5911,73742968,74085634,342666
5912,74092906,74435687,342781
5913,74442927,74785711,342784
5914,74792945,75135844,342899
5915,75143139,75486036,342897
5916,75493320,75836335,343015
5917,75843572,76186584,343012
5918,76193821,76556795,362974
5919,76568455,76919987,351532
5920,76929949,77273226,343277
5921,77280674,77623921,343247
5922,77631196,77974546,343350
5923,77981851,78325203,343352
5924,78332491,78675149,342658
5925,78682394,79025862,343468
5926,79033101,79376684,343583
5927,79383979,79727562,343583
5928,79734850,80078548,343698
5929,80085790,80429486,343696
5930,80436731,80780542,343811
5931,80787839,81137156,349317
5932,81146639,81490595,343956
5933,81497980,81841922,343942
5934,81849234,82193283,344049
5935,82200596,82544645,344049
5936,82551940,82896094,344154
5937,82903351,83247506,344155
5938,83254766,83599038,344272
5939,83606350,83950623,344273
5940,83957925,84302340,344415
5941,84309595,84653982,344387
5942,84661242,85013934,352692
5943,85024344,85368894,344550
5944,85376299,85720947,344648
5945,85728205,86072828,344623
5946,86080040,86424776,344736
5947,86432025,86776764,344739
5948,86784008,87128864,344856
5949,87136054,87480928,344874
5950,87488115,87833084,344969
5951,87840329,88185297,344968
5952,88192537,88537654,345117
5953,88544851,88896160,351309
5954,88905821,89251040,345219
5955,89258428,89603635,345207
5956,89610882,89956212,345330
5957,89963374,90308701,345327
5958,90315865,90661303,345438
5959,90668518,91013955,345437
5960,91021160,91366713,345553
5961,91373870,91719425,345555
5962,91726599,92072270,345671
5963,92079497,92425165,345668
5964,92432382,92778166,345784
5965,92785325,93131687,346362
5966,93141112,93487044,345932
5967,93494414,93840322,345908
5968,93847575,94193596,346021
5969,94200773,94546789,346016
5970,94553964,94900093,346129
5971,94907323,95253455,346132
5972,95260672,95606916,346244
5973,95614083,95960330,346247
5974,95967507,96313869,346362
5975,96321094,96667456,346362
5976,96674674,97057077,382403
5977,97067467,97413952,346485
5978,97421372,97767962,346590
5979,97775305,98121880,346575
5980,98129182,98475870,346688
5981,98483118,98829808,346690
5982,98837053,99183220,346167
5983,99190910,99533809,342899
5984,99541164,99885334,344170
5985,99892985,100237380,344395
5986,100244634,100592067,347433
5987,100599331,100952851,353520
5988,100962494,101323498,361004
5989,101330746,101677915,347169
5990,101685082,102032366,347284
5991,102039501,102386788,347287
5992,102393917,102741312,347395
5993,102748446,103095843,347397
5994,103102980,103450490,347510
5995,103466551,103814259,347708
5996,103821932,104169563,347631
5997,104176842,104524468,347626
5998,104531740,104885324,353584
5999,104894922,105242690,347768
6000,105250088,105597939,347851
6001,105605251,105953109,347858
6002,105960387,106308363,347976
6003,106315633,106663604,347971
6004,106670876,107018960,348084
6005,107026232,107374316,348084
6006,107381588,107729790,348202
6007,107737057,108085259,348202
6008,108092531,108440848,348317
6009,108448120,108796435,348315
6010,108803705,109155284,351579
6011,109165459,109513911,348452
6012,109521378,109869941,348563
6013,109877253,110225808,348555
6014,110233088,110581761,348673
6015,110589038,110937736,348698
6016,110945011,111293804,348793
6017,111301079,111649907,348828
6018,111657184,112006090,348906
6019,112013367,112362273,348906
6020,112369550,112718569,349019
6021,112725841,113080861,355020
6022,113090444,113439583,349139
6023,113446998,113796127,349129
6024,113803455,114152699,349244
6025,114159991,114509235,349244
6026,114516528,114865889,349361
6027,114873177,115222541,349364
6028,115229831,115579306,349475
6029,115586595,115938335,351740
6030,115945625,116295238,349613
6031,116302623,116652213,349590
6032,116659500,117010353,350853
6033,117019876,117369588,349712
6034,117376989,117726814,349825
6035,117734119,118083944,349825
6036,118091234,118441178,349944
6037,118448455,118798388,349933
6038,118805668,119155722,350054
6039,119162999,119513050,350051
6040,119520327,119870498,350171
6041,119877776,120227942,350166
6042,120235222,120585506,350284
6043,120592783,120950370,357587
6044,120960539,121310973,350434
6045,121318434,121668846,350412
6046,121676186,122026705,350519
6047,122034013,122384530,350517
6048,122391837,122742472,350635
6049,122749779,123100414,350635
6050,123107719,123458467,350748
6051,123465777,123816527,350750
6052,123823832,124174700,350868
6053,124182005,124546305,364300
6054,124553612,124910462,356850
6055,124920020,125271013,350993
6056,125278458,125629559,351101
6057,125636952,125988048,351096
6058,125995345,126346559,351214
6059,126353856,126724394,370538
6060,126736042,127087436,351394
6061,127094926,127437570,342644
6062,127444869,127796316,351447
6063,127803606,128155050,351444
6064,128162333,128513890,351557
6065,128521165,128881004,359839
6066,128890830,129242520,351690
6067,129249958,129601623,351665
6068,129608968,129963762,354794
6069,129971080,130322870,351790
6070,130330185,130682080,351895
6071,130689395,131041293,351898
6072,131048603,131400616,352013
6073,131407924,131759939,352015
6074,131767249,132119380,352131
6075,132126690,132478821,352131
6076,132486134,132846793,360659
6077,132857085,133209381,352296
6078,133216859,133569243,352384
6079,133576571,133928935,352364
6080,133936232,134288714,352482
6081,134296011,134648521,352510
6082,134655818,135008418,352600
6083,135015718,135368317,352599
6084,135375635,135728349,352714
6085,135735649,136088362,352713
6086,136095664,136448494,352830
6087,136455792,136808622,352830
6088,136815914,137174643,358729
6089,137184164,137537122,352958
6090,137544499,137895798,351299
6091,137903136,138304071,400935
6092,138318660,138704940,386280
6093,138718688,139072012,353324
6094,139079720,139433032,353312
6095,139440334,139854593,414259
6096,139872439,140351653,479214
6097,140366777,140739840,373063
6098,140749245,141112099,362854
6099,141122364,141475913,353549
6100,141483448,141837083,353635
6101,141844368,142198005,353637
6102,142205277,142559017,353740
6103,142566294,142920034,353740
6104,142927312,143281167,353855
6105,143288446,143642301,353855
6106,143649576,144003549,353973
6107,144010824,144364797,353973
6108,144372072,144726155,354083
6109,144733432,145089385,355953
6110,145099953,145454209,354256
6111,145461654,145815863,354209
6112,145823163,146177484,354321
6113,146184759,146539080,354321
6114,146546347,146900786,354439
6115,146908051,147262490,354439
6116,147269752,147624307,354555
6117,147631574,147986126,354552
6118,147993395,148348062,354667
6119,148355330,148709999,354669
6120,148717264,149078414,361150
6121,149088077,149442874,354797
6122,149450242,149805142,354900
6123,149821834,150166618,344784
6124,150174552,150527096,352544
6125,150534411,150889422,355011
6126,150896686,151251809,355123
6127,151259074,151614200,355126
6128,151621465,151976703,355238
6129,151983965,152339206,355241
6130,152346469,152701822,355353
6131,152709085,153070530,361445
6132,153080096,153435582,355486
6133,153442955,153798431,355476
6134,153805729,154161275,355546
6135,154168540,154534537,365997
6136,154541801,154907437,365636
6137,154916852,155272592,355740
6138,155280027,155635849,355822
6139,155643159,155998964,355805
6140,156006274,156362196,355922
6141,156369504,156725421,355917
6142,156732714,157095905,363191
6143,157106603,157462711,356108
6144,157470194,157826385,356191
6145,157833697,158189878,356181
6146,158197150,158553446,356296
6147,158560706,158917004,356298
6148,158924262,159280668,356406
6149,159287935,159644341,356406
6150,159651598,160008117,356519
6151,160015380,160371899,356519
6152,160379161,160735795,356634
6153,160743055,161106373,363318
6154,161116111,161472880,356769
6155,161480288,161837060,356772
6156,161844388,162201285,356897
6157,162208577,162565452,356875
6158,162572747,162929732,356985
6159,162937027,163294012,356985
6160,163301304,163658407,357103
6161,163665697,164022800,357103
6162,164030092,164387310,357218
6163,164394603,164751818,357215
6164,164759111,165122215,363104
6165,165131771,165489117,357346
6166,165496482,165853940,357458
6167,165861188,166218629,357441
6168,166225864,166583423,357559
6169,166590662,166948224,357562
6170,166955459,167313130,357671
6171,167320370,167678044,357674
6172,167685279,168043068,357789
6173,168050308,168497657,447349
6174,168514048,169057085,543037
6175,169077065,169591093,514028
6176,169606993,170083213,476220
6177,170098317,170627600,529283
6178,170642862,171147046,504184
6179,171157566,171661605,504039
6180,171671726,172175860,504134
6181,172185832,172690397,504565
6182,172701102,173267730,566628
6183,173282674,173786582,503908
6184,173796694,174300890,504196
6185,174310789,174815604,504815
6186,174825932,175331394,505462
6187,175343630,175847373,503743
6188,175865484,176369016,503532
6189,176383047,176761190,378143
6190,176785741,177150926,365185
6191,177162591,177521463,358872
6192,177529011,177887981,358970
6193,177895284,178254246,358962
6194,178261543,178620646,359103
6195,178627926,178986996,359070
6196,178994281,179353468,359187
6197,179360748,179719969,359221
6198,179727246,180086554,359308
6199,180093832,180453135,359303
6200,180460414,181102824,642410
6201,181122949,181505257,382308
6202,181521709,181892038,370329
6203,181903238,182285443,382205
6204,182296918,182656707,359789
6205,182665964,183041491,375527
6206,183052364,183412239,359875
6207,183419729,183779521,359792
6208,183786886,184146753,359867
6209,184154098,184513970,359872
6210,184521262,184898363,377101
6211,184910093,185270111,360018
6212,185277536,185637636,360100
6213,185644938,186005038,360100
6214,186012323,186372543,360220
6215,186379811,186740023,360212
6216,186747296,187107621,360325
6217,187114891,187475217,360326
6218,187482479,187842920,360441
6219,187850182,188210623,360441
6220,188217880,188578436,360556
6221,188585694,189012495,426801
6222,189023619,189388721,365102
6223,189396705,189757424,360719
6224,189764784,190125594,360810
6225,190132893,190493705,360812
6226,190500980,190861882,360902
6227,190869157,191230059,360902
6228,191237333,191598351,361018
6229,191605623,191966640,361017
6230,191973913,192335045,361132
6231,192342320,192703452,361132
6232,192710722,193091507,380785
6233,193104598,193465931,361333
6234,193473336,193834727,361391
6235,193841951,194203324,361373
6236,194210532,194572015,361483
6237,194579220,194940705,361485
6238,194947910,195324271,376361
6239,195337814,195699650,361836
6240,195707554,196137045,429491
6241,196151482,196513366,361884
6242,196520982,196893166,372184
6243,196903242,197269968,366726
6244,197277396,197645608,368212
6245,197652897,198014879,361982
6246,198022159,198384229,362070
6247,198391494,198753558,362064
6248,198760818,199122703,361885
6249,199129990,199492167,362177
6250,199499430,199861725,362295
6251,199879395,200241905,362510
6252,200249534,200611962,362428
6253,200619221,201034551,415330
6254,201044189,201406930,362741
6255,201414641,201809604,394963
6256,201824029,202331891,507862
6257,202349245,202807094,457849
6258,202820428,203201330,380902
6259,203212121,203579431,367310
6260,203589853,203952822,362969
6261,203960325,204323217,362892
6262,204330484,204693479,362995
6263,204700729,205107771,407042
6264,205118594,205481744,363150
6265,205489136,205854371,365235
6266,205861633,206224886,363253
6267,206232098,206595313,363215
6268,206602520,206965853,363333
6269,206973075,207336415,363340
6270,207343610,207707061,363451
6271,207714258,208077706,363448
6272,208084905,208448466,363561
6273,208455666,208826356,370690
6274,208836167,209199876,363709
6275,209207221,209570919,363698
6276,209578194,209942000,363806
6277,209949253,210313087,363834
6278,210320326,210684235,363909
6279,210691478,211055387,363909
6280,211062629,211426656,364027
6281,211433898,211797925,364027
6282,211805167,212169309,364142
6283,212176549,212540691,364142
6284,212547934,212917822,369888
6285,212927410,213291697,364287
6286,213299070,213663450,364380
6287,213670667,214035055,364388
6288,214042237,214406738,364501
6289,214413912,214778408,364496
6290,214785580,215150191,364611
6291,215157365,215521979,364614
6292,215529153,215893877,364724
6293,215901051,216265775,364724
6294,216272952,216637791,364839
6295,216644965,217015127,370162
6296,217025314,217390306,364992
6297,217397678,217762645,364967
6298,217769925,218135002,365077
6299,218142217,218507291,365074
6300,218514508,218879698,365190
6301,218886920,219252107,365187
6302,219259342,219624644,365302
6303,219631854,219997161,365307
6304,220004376,220369794,365418
6305,220377008,220748200,371192
6306,220757733,221123303,365570
6307,221130656,221496194,365538
6308,221503436,221869097,365661
6309,221876309,222241967,365658
6310,222249162,222614933,365771
6311,222622130,222987899,365769
6312,222995096,223361002,365906
6313,223368202,223734086,365884
6314,223741283,224107282,365999
6315,224114479,224480478,365999
6316,224487678,224862495,374817
6317,224872414,225238528,366114
6318,225245904,225612131,366227
6319,225619380,225985603,366223
6320,225992812,226359152,366340
6321,226366362,226756328,389966
6322,226768465,227133830,365365
6323,227141333,227507800,366467
6324,227515083,227881658,366575
6325,227888930,228255503,366573
6326,228262768,228629454,366686
6327,228636711,229065643,428932
6328,229076166,229442997,366831
6329,229450347,229817165,366818
6330,229824400,230191321,366921
6331,230198539,230565465,366926
6332,230572692,230939736,367044
6333,230946961,231314002,367041
6334,231321227,231688384,367157
6335,231695606,232062766,367160
6336,232069985,232437257,367272
6337,232444475,232817039,372564
6338,232826667,233194067,367400
6339,233201420,233568805,367385
6340,233576072,233943577,367505
6341,233950802,234318305,367503
6342,234325522,234693165,367643
6343,234700375,235067992,367617
6344,235075205,235442935,367730
6345,235450148,235817878,367730
6346,235825093,236192941,367848
6347,236200164,236568035,367871
6348,236575259,236944263,369004
6349,236953746,237321725,367979
6350,237329065,237697156,368091
6351,237704391,238072473,368082
6352,238079700,238447919,368219
6353,238455154,238823371,368217
6354,238830613,239198928,368315
6355,239206147,239574462,368315
6356,239581682,239950109,368427
6357,239957331,240325759,368428
6358,240332981,240701526,368545
6359,240708746,241084874,376128
6360,241095119,241463822,368703
6361,241471232,241839893,368661
6362,241847195,242215978,368783
6363,242223225,242591986,368761
6364,242599243,242968122,368879
6365,242975377,243344255,368878
6366,243351512,243720506,368994
6367,243727761,244096752,368991
6368,244104012,244473118,369106
6369,244480376,244855218,374842
6370,244864761,245234001,369240
6371,245241331,245610560,369229
6372,245617785,245987147,369362
6373,245994364,246363703,369339
6374,246370921,246740373,369452
6375,246747590,247117045,369455
6376,247124262,247493832,369570
6377,247501055,247870622,369567
6378,247877849,248247532,369683
6379,248263977,248633792,369815
6380,248641538,249017697,376159
6381,249027392,249397238,369846
6382,249404628,249774564,369936
6383,249781849,250151770,369921
6384,250159022,250529061,370039
6385,250536308,250906364,370056
6386,250913609,251283761,370152
6387,251291005,251661157,370152
6388,251668404,252038666,370262
6389,252045913,252416180,370267
6390,252423427,252801417,377990
6391,252811619,253182018,370399
6392,253189428,253559931,370503
6393,253567211,253937700,370489
6394,253944968,254315575,370607
6395,254322833,254693438,370605
6396,254700700,255071425,370725
6397,255078685,255449410,370725
6398,255456673,255827508,370835
6399,255834768,256205606,370838
6400,256212866,256583820,370954
6401,256591082,256966441,375359
6402,256976046,257347130,371084
6403,257354490,257725556,371066
6404,257732824,258104010,371186
6405,258111232,258482414,371182
6406,258489636,258860938,371302
6407,258868157,259239459,371302
6408,259246679,259618093,371414
6409,259625318,259996735,371417
6410,260003955,260375482,371527
6411,260382702,260760035,377333
6412,260769636,261141339,371703
6413,261148674,261520346,371672
6414,261527621,261899396,371775
6415,261906661,262278429,371768
6416,262285694,262657582,371888
6417,262664842,263036730,371888
6418,263043990,263415993,372003
6419,263423256,263795259,372003
6420,263802521,264174637,372116
6421,264181900,264554016,372116
6422,264561281,264941058,379777
6423,264951285,265323529,372244
6424,265330909,265703269,372360
6425,265710554,266082900,372346
6426,266090143,266462605,372462
6427,266469854,266842316,372462
6428,266849566,267222143,372577
6429,267229393,267601968,372575
6430,267609218,267999898,390680
6431,268011311,268384088,372777
6432,268391604,268854128,462524
6433,268868317,269241210,372893
6434,269248751,269611590,362839
6435,269618877,269991795,372918
6436,269999055,270372083,373028
6437,270379341,270752369,373028
6438,270759629,271132773,373144
6439,271140030,271513171,373141
6440,271520433,271893690,373257
6441,271900950,272274208,373258
6442,272281468,272654840,373372
6443,272662105,273043869,381764
6444,273053733,273427237,373504
6445,273434667,273808159,373492
6446,273815419,274189021,373602
6447,274196261,274569863,373602
6448,274577106,274950821,373715
6449,274958060,275331775,373715
6450,275339018,275712850,373832
6451,275720088,276093920,373832
6452,276101158,276475108,373950
6453,276482343,276924354,442011
6454,276938758,277312889,374131
6455,277320442,277694523,374081
6456,277701808,278075994,374186
6457,278083246,278457435,374189
6458,278464692,278838999,374307
6459,278846249,279220553,374304
6460,279227795,279602216,374421
6461,279609461,279983878,374417
6462,279991128,280365662,374534
6463,280372909,280755318,382409
6464,280765086,281139766,374680
6465,281147161,281521811,374650
6466,281529091,281903861,374770
6467,281911128,282285903,374775
6468,282293165,282668043,374878
6469,282675300,283050176,374876
6470,283057438,283432431,374993
6471,283439691,283814684,374993
6472,283821939,284197047,375108
6473,284204297,284579405,375108
6474,284586660,284966968,380308
6475,284976441,285351694,375253
6476,285359060,285734416,375356
6477,285741661,286117005,375344
6478,286124239,286499699,375460
6479,286506918,286882375,375457
6480,286889607,287265197,375590
6481,287272434,287648051,375617
6482,287655271,288030960,375689
6483,288038185,288413875,375690
6484,288421097,288805039,383942
6485,288815399,289191239,375840
6486,289198649,289574589,375940
6487,289581824,289957749,375925
6488,289964971,290341012,376041
6489,290348227,290724267,376040
6490,290731484,291107638,376154
6491,291114852,291491008,376156
6492,291498225,291874497,376272
6493,291881709,292257980,376271
6494,292265197,292641586,376389
6495,292648801,293030916,382115
6496,293040463,293408392,367929
6497,293415740,293792259,376519
6498,293799491,294176111,376620
6499,294183343,294559960,376617
6500,294567195,294943927,376732
6501,294951161,295327891,376730
6502,295335128,295711976,376848
6503,295719208,296096058,376850
6504,296103288,296480253,376965
6505,296487490,296869460,381970
6506,296878908,297256003,377095
6507,297272127,297649403,377276
6508,297657026,298034234,377208
6509,298041482,298418685,377203
6510,298425922,298803241,377319
6511,298810470,299187779,377309
6512,299195014,299572458,377444
6513,299579687,299957116,377429
6514,299964349,300341893,377544
6515,300349122,300758976,409854
6516,300769281,301146968,377687
6517,301154408,301532083,377675
6518,301539360,301917127,377767
6519,301924374,302302142,377768
6520,302309389,302687271,377882
6521,302694516,303072401,377885
6522,303079646,303457644,377998
6523,303464891,303842891,378000
6524,303850136,304228251,378115
6525,304235499,304613612,378113
6526,304620856,305004773,383917
6527,305014251,305392502,378251
6528,305399859,305778225,378366
6529,305785475,306163836,378361
6530,306171069,306549537,378468
6531,306556772,306935246,378474
6532,306942483,307321072,378589
6533,307328305,307706894,378589
6534,307714126,308092828,378702
6535,308100060,308478762,378702
6536,308485997,308869866,383869
6537,308879284,309258108,378824
6538,309265451,309644398,378947
6539,309651661,310030591,378930
6540,310037820,310416863,379043
6541,310424100,310803178,379078
6542,310810408,311189573,379165
6543,311196806,311575966,379160
6544,311583201,311962477,379276
6545,311969709,312348985,379276
6546,312356219,312743211,386992
6547,312753318,313132734,379416
6548,313140179,313519701,379522
6549,313526961,313906467,379506
6550,313913709,314293328,379619
6551,314300573,314680192,379619
6552,314687434,315067169,379735
6553,315074411,315454143,379732
6554,315461385,315841235,379850
6555,315848475,316228327,379852
6556,316235569,316615534,379965
6557,316622776,317009019,386243
6558,317018567,317398677,380110
6559,317406014,317786109,380095
6560,317793352,318173550,380198
6561,318180762,318559912,379150
6562,318567132,318947443,380311
6563,318954663,319334971,380308
6564,319342196,319722619,380423
6565,319729839,320110267,380428
6566,320117487,320498028,380541
6567,320505248,320889188,383940
6568,320898648,321279319,380671
6569,321286604,321667276,380672
6570,321674498,322055280,380782
6571,322062487,322443261,380774
6572,322450461,322831386,380925
6573,322838585,323219478,380893
6574,323226677,323607685,381008
6575,323614884,323995919,381035
6576,324003212,324384332,381120
6577,324391534,324780305,388771
6578,324790349,325171595,381246
6579,325179010,325560258,381248
6580,325567503,325948856,381353
6581,325956081,326337429,381348
6582,326344654,326726122,381468
6583,326733347,327134851,401504
6584,327147020,327528686,381666
6585,327536157,327917750,381593
6586,327924983,328306684,381701
6587,328313899,328704168,390269
6588,328714047,329095881,381834
6589,329103216,329492534,389318
6590,329500109,329882031,381922
6591,329889244,330271171,381927
6592,330278370,330660410,382040
6593,330667612,331049655,382043
6594,331056854,331439012,382158
6595,331446217,331828369,382152
6596,331835579,332217852,382273
6597,332225059,332607335,382276
6598,332614542,333002982,388440
6599,333012455,333394868,382413
6600,333402205,333784714,382509
6601,333791976,334174492,382516
6602,334181717,334564346,382629
6603,334571566,334954227,382661
6604,334961454,335344196,382742
6605,335351425,335734164,382739
6606,335741394,336124246,382852
6607,336131478,336514330,382852
6608,336521567,336911747,390180
6609,336921959,337304964,383005
6610,337312309,337695406,383097
6611,337702638,338085711,383073
6612,338092911,338471941,379030
6613,338479138,338862335,383197
6614,338869533,339250307,380774
6615,339258040,339642579,384539
6616,339649799,340033229,383430
6617,340040434,340423862,383428
6618,340431157,340820472,389315
6619,340830047,341213601,383554
6620,341220906,341604569,383663
6621,341611839,341995508,383669
6622,342002723,342386504,383781
6623,342393724,342777498,383774
6624,342784718,343168614,383896
6625,343175834,343559723,383889
6626,343566943,343950948,384005
6627,343958170,344337391,379221
6628,344344613,344733607,388994
6629,344743307,345127482,384175
6630,345135000,345519241,384241
6631,345526485,345906721,380236
6632,345913931,346298281,384350
6633,346305498,346689849,384351
6634,346697061,347092668,395607
6635,347109040,347482529,373489
6636,347490415,347875039,384624
6637,347882261,348266855,384594
6638,348274097,348654967,380870
6639,348662156,349044113,381957
6640,349054350,349429831,375481
6641,349437181,349822005,384824
6642,349829323,350212626,383303
6643,350219833,350604762,384929
6644,350612115,350987138,375023
6645,350994696,351379753,385057
6646,351386963,351772125,385162
6647,351779315,352164477,385162
6648,352171719,352555977,384258
6649,352563279,352953496,390217
6650,352963422,353348820,385398
6651,353356100,353741503,385403
6652,353748715,354133863,385148
6653,354141734,354527247,385513
6654,354534472,354920098,385626
6655,354927292,355312913,385621
6656,355320103,355705837,385734
6657,355713029,356098768,385739
6658,356105957,356491814,385857
6659,356499003,356889426,390423
6660,356899319,357282971,383652
6661,357290248,357676225,385977
6662,357683429,358069519,386090
6663,358076709,358453341,376632
6664,358460603,358846805,386202
6665,358854083,359240413,386330
6666,359247648,359623761,376113
6667,359630950,360017270,386320
6668,360024460,360411124,386664
6669,360418714,360813330,394616
6670,360823486,361210050,386564
6671,361217410,361595713,378303
6672,361602915,361989581,386666
6673,361996761,362374979,378218
6674,362382201,362759257,377056
6675,362766446,363153413,386967
6676,363161119,363548023,386904
6677,363555220,363942117,386897
6678,363949304,364336318,387014
6679,364343500,364736396,392896
6680,364745906,365132565,386659
6681,365139857,365526919,387062
6682,365534149,365921393,387244
6683,365928593,366315835,387242
6684,366323038,366710393,387355
6685,366717590,367106947,389357
6686,367114237,367491340,377103
6687,367498633,367886108,387475
6688,367893398,368280963,387565
6689,368288251,368681121,392870
6690,368690599,369078330,387731
6691,369085688,369473399,387711
6692,369480608,369868444,387836
6693,369875637,370263468,387831
6694,370270655,370658586,387931
6695,370665776,371053715,387939
6696,371060897,371448954,388057
6697,371456141,371832956,376815
6698,371840143,372226674,386531
6699,372233956,372622126,388170
6700,372629375,373015119,385744
6701,373025314,373413709,388395
6702,373421187,373809589,388402
6703,373816786,374205189,388403
6704,374212366,374613745,401379
6705,374621085,375009625,388540
6706,375016890,375405505,388615
6707,375412673,375800418,387745
6708,375807591,376196595,389004
6709,376204258,376593054,388796
6710,376600381,377010140,409759
6711,377023156,377412102,388946
6712,377419588,377808537,388949
6713,377815829,378204808,388979
6714,378212073,378601167,389094
6715,378608427,378997519,389092
6716,379004783,379393990,389207
6717,379401263,379790465,389202
6718,379797727,380187049,389322
6719,380194377,380583987,389610
6720,380591488,380988721,397233
6721,380998537,381387982,389445
6722,381395345,381784893,389548
6723,381792188,382181740,389552
6724,382188978,382578636,389658
6725,382585868,382972449,386581
6726,382979683,383369459,389776
6727,383376682,383766457,389775
6728,383773680,384169312,395632
6729,384176534,384566425,389891
6730,384573648,384967182,393534
6731,384977469,385367550,390081
6732,385374983,385765125,390142
6733,385772532,386162667,390135
6734,386170490,386560807,390317
6735,386568140,386954951,386811
6736,386962186,387352573,390387
6737,387359803,387750170,390367
6738,387757387,388148141,390754
6739,388155759,388546246,390487
6740,388553529,388950702,397173
6741,388960295,389345648,385353
6742,389353020,389743734,390714
6743,389750998,390131838,380840
6744,390139045,390529876,390831
6745,390537156,390926661,389505
6746,390934031,391324967,390936
6747,391332179,391723116,390937
6748,391730320,392121379,391059
6749,392128589,392519643,391054
6750,392526852,392931406,404554
6751,392942911,393334160,391249
6752,393341576,393732883,391307
6753,393740105,394131397,391292
6754,394138617,394530182,391565
6755,394537800,394929217,391417
6756,394936512,395328035,391523
6757,395335254,395726767,391513
6758,395733992,396116946,382954
6759,396124168,396515799,391631
6760,396523016,396923643,400627
6761,396933932,397323360,389428
6762,397330750,397722673,391923
6763,397741155,398133216,392061
6764,398140922,398531209,390287
6765,398538494,398922589,384095
6766,398929814,399321918,392104
6767,399329130,399721229,392099
6768,399728439,400120663,392224
6769,400127875,400520097,392222
6770,400527304,400917473,390169
6771,400927339,401319686,392347
6772,401327056,401719516,392460
6773,401726748,402119241,392493
6774,402126535,402509234,382699
6775,402516434,402912846,396412
6776,402920050,403312728,392678
6777,403319923,403712601,392678
6778,403719798,404112591,392793
6779,404119791,404512714,392923
6780,404519906,404918811,398905
6781,404928362,405321282,392920
6782,405328615,405721644,393029
6783,405728886,406121995,393109
6784,406129305,406522441,393136
6785,406529711,406922852,393141
6786,406930074,407323334,393260
6787,407330556,407723810,393254
6788,407731032,408124407,393375
6789,408131692,408525154,393462
6790,408532434,408933985,401551
6791,408944169,409337664,393495
6792,409344996,409738604,393608
6793,409745856,410139444,393588
6794,410146663,410540371,393708
6795,410547591,410941487,393896
6796,410949180,411343005,393825
6797,411350305,411744286,393981
6798,411751874,412143778,391904
6799,412151363,412545299,393936
6800,412552506,412950800,398294
6801,412960290,413344981,384691
6802,413352487,413746658,394171
6803,413753895,414148087,394192
6804,414155309,414549596,394287
6805,414556803,414951085,394282
6806,414958292,415352694,394402
6807,415359901,415754298,394397
6808,415761505,416147777,386272
6809,416155075,416549602,394527
6810,416556809,416952727,395918
6811,416962278,417349317,387039
6812,417356887,417751648,394761
6813,417758885,418153693,394808
6814,418160912,418555630,394718
6815,418563248,418958284,395036
6816,418966063,419361039,394976
6817,419368243,419763219,394976
6818,419770434,420165522,395088
6819,420172739,420567828,395089
6820,420575045,420978175,403130
6821,420988274,421383556,395282
6822,421390998,421786340,395342
6823,421793597,422189034,395437
6824,422196266,422591711,395445
6825,422598943,422994387,395444
6826,423001615,423395826,394211
6827,423403053,423798611,395558
6828,423805843,424195213,389370
6829,424202440,424598115,395675
6830,424605345,425006656,401311
6831,425016294,425412089,395795
6832,425419471,425815382,395911
6833,425822717,426218625,395908
6834,426225835,426621858,396023
6835,426629068,427043422,414354
6836,427055203,427451436,396233
6837,427459000,427855148,396148
6838,427862423,428258855,396432
6839,428266383,428670711,404328
6840,428680462,429072683,392221
6841,429080086,429476465,396379
6842,429483737,429880222,396485
6843,429887466,430283948,396482
6844,430291183,430687785,396602
6845,430695038,431091665,396627
6846,431098900,431495617,396717
6847,431502857,431899574,396717
6848,431906806,432303639,396833
6849,432310874,432714370,403496
6850,432724675,433121650,396975
6851,433129266,433526134,396868
6852,433533714,433930792,397078
6853,433938070,434338847,400777
6854,434346102,434743273,397171
6855,434750520,435147714,397194
6856,435154953,435552240,397287
6857,435559487,435956768,397281
6858,435964016,436361417,397401
6859,436368672,436802681,434009
6860,436812294,437209816,397522
6861,437217241,437614765,397524
6862,437622053,438019682,397629
6863,438026932,438424557,397625
6864,438431824,438829586,397762
6865,438836854,439234599,397745
6866,439241858,439639716,397858
6867,439646976,440044839,397863
6868,440052118,440439596,387478
6869,440446856,440850292,403436
6870,440859827,441257931,398104
6871,441265281,441663411,398130
6872,441670664,442068880,398216
6873,442076115,442474333,398218
6874,442481558,442879887,398329
6875,442887206,443285538,398332
6876,443292763,443691207,398444
6877,443698431,444096873,398442
6878,444104098,444502654,398556
6879,444509879,444908318,398439
6880,444918487,445317191,398704
6881,445324542,445723211,398669
6882,445730478,446129263,398785
6883,446136476,446535258,398782
6884,446542473,446935083,392610
6885,446942330,447332863,390533
6886,447340200,447728530,388330
6887,447735747,448130598,394851
6888,448138928,448538073,399145
6889,448545341,448950796,405455
6890,448960419,449359688,399269
6891,449377756,449777298,399542
6892,449785442,450184854,399412
6893,450192116,450591487,399371
6894,450598732,450998223,399491
6895,451005461,451404945,399484
6896,451412175,451811774,399599
6897,451819004,452218605,399601
6898,452225835,452618794,392959
6899,452632085,453031627,399542
6900,453041087,453440927,399840
6901,453448247,453848074,399827
6902,453855349,454255307,399958
6903,454262554,454662512,399958
6904,454669757,455092501,422744
6905,455105402,455505615,400213
6906,455513178,455913356,400178
6907,455920654,456321020,400366
6908,456328626,456740399,411773
6909,456751092,457151529,400437
6910,457158994,457559410,400416
6911,457566710,457967319,400609
6912,457974942,458373542,398600
6913,458381188,458780013,398825
6914,458787856,459188997,401141
6915,459197144,459597192,400048
6916,459605436,460007121,401685
6917,460015242,460416676,401434
6918,460425575,460834206,408631
6919,460844195,461248984,404789
6920,461256697,461657933,401236
6921,461665804,462067108,401304
6922,462074876,462476247,401371
6923,462484216,462884194,399978
6924,462891554,463292955,401401
6925,463300556,463702253,401697
6926,463709951,464111490,401539
6927,464119075,464520577,401502
6928,464528363,464936297,407934
6929,464946291,465347973,401682
6930,465355919,465757491,401572
6931,465765079,466161147,396068
6932,466168758,466570625,401867
6933,466578291,466976126,397835
6934,466983817,467386133,402316
6935,467394392,467796450,402058
6936,467804209,468206381,402172
6937,468214190,468616476,402286
6938,468636291,469038076,401785
6939,469046298,469448338,402040
6940,469456114,469858538,402424
6941,469867682,470269750,402068
6942,470278315,470680578,402263
6943,470687821,471090066,402245
6944,471097283,471499644,402361
6945,471506869,471909227,402358
6946,471916452,472319024,402572
6947,472326341,472735265,408924
6948,472744923,473147535,402612
6949,473155015,473588603,433588
6950,473601273,473997244,395971
6951,474004752,474407486,402734
6952,474414723,474817575,402852
6953,474824838,475227672,402834
6954,475234935,475637892,402957
6955,475645152,476048109,402957
6956,476055364,476458439,403075
6957,476465691,476877367,411676
6958,476887238,477305808,418570
6959,477316804,477720059,403255
6960,477727542,478130861,403319
6961,478138138,478541459,403321
6962,478548738,478952164,403426
6963,478959409,479362825,403416
6964,479370062,479773594,403532
6965,479780831,480184367,403536
6966,480191604,480595454,403850
6967,480603007,481018821,415814
6968,481029677,481433476,403799
6969,481440851,481844615,403764
6970,481851850,482255757,403907
6971,482262964,482666841,403877
6972,482674049,483078038,403989
6973,483085261,483489253,403992
6974,483496460,483900563,404103
6975,483907777,484311880,404103
6976,484319087,484727543,408456
6977,484737133,485141391,404258
6978,485148763,485553099,404336
6979,485560339,485964672,404333
6980,485971877,486376330,404453
6981,486383515,486787968,404453
6982,486795150,487199716,404566
6983,487206909,487611472,404563
6984,487618659,488023366,404707
6985,488030631,488435312,404681
6986,488442492,488852899,410407
6987,488862405,489267382,404977
6988,489274697,489679609,404912
6989,489686836,490091933,405097
6990,490099692,490504772,405080
6991,490512024,490917056,405032
6992,490924279,491329439,405160
6993,491336653,491741791,405138
6994,491748998,492150389,401391
6995,492157591,492562849,405258
6996,492570051,492983071,413020
6997,492993160,493398566,405406
6998,493405928,493811424,405496
6999,493818644,494224137,405493
7000,494231319,494636926,405607
7001,494644113,495049716,405603
7002,495056903,495462620,405717
7003,495469807,495875526,405719
7004,495882713,496288550,405837
7005,496295737,496707550,411813
7006,496717066,497123030,405964
7007,497130383,497536327,405944
7008,497543559,497949632,406073
7009,497956829,498362896,406067
7010,498370076,498776293,406217
7011,498785420,499242188,456768
7012,499256678,499702520,445842
7013,499719990,500193350,473360
7014,500208749,500650995,442246
7015,500665871,501072058,406187
7016,501079757,501486295,406538
7017,501493573,501900106,406533
7018,501907393,502314042,406649
7019,502335696,502730552,394856
7020,502738305,503145089,406784
7021,503152434,503559206,406772
7022,503566561,503973442,406881
7023,503980782,504387662,406880
7024,504395002,504811794,416792
7025,504822359,505229381,407022
7026,505236882,505643984,407102
7027,505651341,506058449,407108
7028,506065761,506472984,407223
7029,506480301,506887524,407223
7030,506894834,507302171,407337
7031,507309479,507716819,407340
7032,507724129,508131582,407453
7033,508138889,508546348,407459
7034,508553652,508966967,413315
7035,508976475,509384051,407576
7036,509391451,509799134,407683
7037,509806457,510214145,407688
7038,510221435,510629239,407804
7039,510636522,511044323,407801
7040,511051605,511459525,407920
7041,511466804,511874724,407920
7042,511882006,512290043,408037
7043,512297330,512710555,413225
7044,512720032,513128187,408155
7045,513135605,513543744,408139
7046,513551044,513959307,408263
7047,513966589,514374854,408265
7048,514382127,514790502,408375
7049,514797777,515206152,408375
7050,515213427,515621917,408490
7051,515629192,516037685,408493
7052,516044958,516453561,408603
7053,516460836,516876829,415993
7054,516887009,517295772,408763
7055,517303238,517711974,408736
7056,517719279,518128118,408839
7057,518135402,518544239,408837
7058,518551519,518960470,408951
7059,518967750,519376707,408957
7060,519383987,519781516,397529
7061,519788793,520197863,409070
7062,520205140,520619881,414741
7063,520629413,521038626,409213
7064,521046026,521455321,409295
7065,521462636,521871938,409302
7066,521879228,522288648,409420
7067,522295931,522705346,409415
7068,522712626,523122159,409533
7069,523129441,523538969,409528
7070,523546254,523955900,409646
7071,523963182,524372848,409666
7072,524380128,524795127,414999
7073,524804584,525214350,409766
7074,525221768,525631652,409884
7075,525638957,526048833,409876
7076,526056116,526466110,409994
7077,526473392,526883384,409992
7078,526890666,527321728,431062
7079,527333742,527743939,410197
7080,527751524,528161754,410230
7081,528169104,528579329,410225
7082,528586659,528996775,410116
7083,529007188,529417565,410377
7084,529425106,529835609,410503
7085,529843004,530252872,409868
7086,530260864,530664167,403303
7087,530672071,531082679,410608
7088,531089987,531500677,410690
7089,531507952,531918766,410814
7090,531926036,532336849,410813
7091,532344122,532757384,413262
7092,532767548,533172598,405050
7093,533180707,533589799,409092
7094,533598324,534009925,411601
7095,534018282,534427695,409413
7096,534436155,534862270,426115
7097,534874703,535286802,412099
7098,535294783,535705025,410242
7099,535713275,536124810,411535
7100,536133271,536544991,411720
7101,536553033,536973808,420775
7102,536984639,537407346,422707
7103,537418635,537838804,420169
7104,537849153,538260496,411343
7105,538267976,538672620,404644
7106,538680388,539092412,412024
7107,539100161,539511914,411753
7108,539519352,539925893,406541
7109,539933113,540344946,411833
7110,540352173,540773908,421735
7111,540784727,541196833,412106
7112,541204231,541616302,412071
7113,541623597,542041789,418192
7114,542049033,542461225,412192
7115,542468480,542880672,412192
7116,542887927,543300239,412312
7117,543307499,543719803,412304
7118,543727063,544139656,412593
7119,544147339,544560027,412688
7120,544567766,545016372,448606
7121,545026208,545438773,412565
7122,545446166,545858834,412668
7123,545866117,546271966,405849
7124,546279905,546691435,411530
7125,546699001,547111914,412913
7126,547119643,547525314,405671
7127,547532970,547946011,413041
7128,547953298,548357927,404629
7129,548365869,548781574,415705
7130,548792350,549205890,413540
7131,549213839,549626970,413131
7132,549634371,550047738,413367
7133,550055506,550468756,413250
7134,550476033,550889388,413355
7135,550896658,551310012,413354
7136,551317280,551730749,413469
7137,551738007,552151472,413465
7138,552158729,552572307,413578
7139,552587437,553001160,413723
7140,553010878,553424612,413734
7141,553431952,553845652,413700
7142,553852909,554266713,413804
7143,554273955,554687961,414006
7144,554695722,555109641,413919
7145,555116936,555530854,413918
7146,555538104,555952233,414129
7147,555976811,556407736,430925
7148,556415865,556837610,421745
7149,556847558,557261996,414438
7150,557269885,557683131,413246
7151,557690471,558104748,414277
7152,558112003,558526721,414718
7153,558534362,558948774,414412
7154,558956517,559371040,414523
7155,559378370,559792885,414515
7156,559800160,560214777,414617
7157,560222052,560642396,420344
7158,560651976,561064589,412613
7159,561072303,561487043,414740
7160,561494373,561909226,414853
7161,561916531,562331380,414849
7162,562338674,562753640,414966
7163,562760938,563175901,414963
7164,563183196,563598278,415082
7165,563605572,564020654,415082
7166,564027944,564443140,415196
7167,564450433,564873565,423132
7168,564883777,565299117,415340
7169,565306539,565721866,415327
7170,565729174,566144606,415432
7171,566151876,566567305,415429
7172,566574575,566990120,415545
7173,566997387,567412932,415545
7174,567420200,567835860,415660
7175,567843127,568258785,415658
7176,568266055,568687927,421872
7177,568697495,569113280,415785
7178,569120628,569536521,415893
7179,569543819,569959712,415893
7180,569966989,570382995,416006
7181,570390267,570806276,416009
7182,570813548,571229667,416119
7183,571236942,571653061,416119
7184,571660333,572076567,416234
7185,572083839,572500073,416234
7186,572507343,572938275,430932
7187,572949712,573366109,416397
7188,573373579,573790054,416475
7189,573797369,574206621,409252
7190,574214014,574630589,416575
7191,574637881,575054456,416575
7192,575061749,575478439,416690
7193,575485726,575902416,416690
7194,575909706,576326542,416836
7195,576333831,576759676,425845
7196,576769958,577194409,424451
7197,577206839,577633375,426536
7198,577644133,578061287,417154
7199,578068825,578485888,417063
7200,578493238,578910412,417174
7201,578917750,579334926,417176
7202,579342251,579759543,417292
7203,579766855,580184147,417292
7204,580191472,580617025,425553
7205,580626889,581044461,417572
7206,581051784,581469296,417512
7207,581476555,581894055,417500
7208,581901307,582318917,417610
7209,582326167,582743777,417610
7210,582751024,583168749,417725
7211,583175991,583593714,417723
7212,583600966,584018804,417838
7213,584026052,584443892,417840
7214,584451137,584867834,416697
7215,584877420,585295425,418005
7216,585302763,585720839,418076
7217,585728139,586146217,418078
7218,586153485,586571678,418193
7219,586578943,586997134,418191
7220,587004409,587422716,418307
7221,587429988,587848295,418307
7222,587855562,588274006,418444
7223,588281279,588707488,426209
7224,588717800,589136375,418575
7225,589143707,589604515,460808
7226,589622230,590144966,522736
7227,590163623,590728467,564844
7228,590748933,591361854,612921
7229,591377910,591994337,616427
7230,592009110,592609880,600770
7231,592750804,593348391,597587
7232,593364662,593953621,588959
7233,593968530,594561934,593404
7234,594576877,595177497,600620
7235,595192721,595793926,601205
7236,595808526,596409882,601356
7237,596424592,597087410,662818
7238,597106371,597708616,602245
7239,597723474,598327635,604161
7240,598342706,598946979,604273
7241,598961381,599559617,598236
7242,599574274,600178207,603933
7243,600192741,600835777,643036
7244,600851813,601267791,415978
7245,601275449,601690994,415545
7246,601698397,602114062,415665
7247,602121638,602539972,418334
7248,602547743,602965478,417735
7249,602973214,603390508,417294
7250,603398276,603819016,420740
7251,603826950,604244352,417402
7252,604252334,604733417,481083
7253,604745158,605161487,416329
7254,605169401,605590046,420645
7255,605598132,606013612,415480
7256,606021473,606442138,420665
7257,606449776,606868486,418710
7258,606876997,607297466,420469
7259,607306420,607725503,419083
7260,607733895,608153806,419911
7261,608161965,608652146,490181
7262,608664626,609082634,418008
7263,609091214,609510613,419399
7264,609519096,609939413,420317
7265,609948033,610369319,421286
7266,610377516,610798697,421181
7267,610807405,611226534,419129
7268,611234721,611652767,418046
7269,611660573,612082029,421456
7270,612089936,612507177,417241
7271,612515780,613019296,503516
7272,613033482,613453868,420386
7273,613462354,613881557,419203
7274,613889396,614304966,415570
7275,614329640,614745874,416234
7276,614754700,615182614,427914
7277,615190476,615625680,435204
7278,615635924,616089122,453198
7279,616101293,616524088,422795
7280,616533222,616966236,433014
7281,616977167,617399298,422131
7282,617407538,617824183,416645
7283,617832292,618253172,420880
7284,618261652,618683412,421760
7285,618691983,619113259,421276
7286,619122383,619544539,422156
7287,619553540,620036539,482999
7288,620049500,620467047,417547
7289,620475184,620900873,425689
7290,620911095,621333877,422782
7291,621341758,621772209,430451
7292,621782794,622205819,423025
7293,622213984,622636628,422644
7294,622644574,623072389,427815
7295,623080736,623501318,420582
7296,623509162,623922589,413427
7297,623930483,624353185,422702
7298,624360482,624819134,458652
7299,624830118,625253133,423015
7300,625260939,625683885,422946
7301,625691265,626114205,422940
7302,626121542,626544590,423048
7303,626551900,626975196,423296
7304,626983230,627434470,451240
7305,627446757,627870023,423266
7306,627877553,628300842,423289
7307,628308162,628740745,432583
7308,628750598,629173137,422539
7309,629180923,629604372,423449
7310,629611868,630035391,423523
7311,630042631,630466153,423522
7312,630473390,630897032,423642
7313,630904264,631327903,423639
7314,631335135,631758890,423755
7315,631766122,632189879,423757
7316,632197111,632625687,428576
7317,632635230,633049492,414262
7318,633056855,633480835,423980
7319,633488074,633912047,423973
7320,633919264,634343354,424090
7321,634350567,634774654,424087
7322,634781867,635206070,424203
7323,635213282,635637490,424208
7324,635644700,636069021,424321
7325,636076230,636500554,424324
7326,636507766,636940557,432791
7327,636950920,637375366,424446
7328,637382678,637807242,424564
7329,637814512,638239071,424559
7330,638246306,638670980,424674
7331,638678215,639102889,424674
7332,639110126,639534915,424789
7333,639542148,639966960,424812
7334,639974195,640399099,424904
7335,640406334,640837481,431147
7336,640846999,641272026,425027
7337,641279371,641704389,425018
7338,641711664,642136797,425133
7339,642144051,642569187,425136
7340,642576424,643001675,425251
7341,643008909,643434157,425248
7342,643441400,643866763,425363
7343,643874003,644299366,425363
7344,644306603,644737705,431102
7345,644747180,645172672,425492
7346,645179999,645605593,425594
7347,645612845,646039123,426278
7348,646046381,646472125,425744
7349,646479350,646905061,425711
7350,646912291,647332833,420542
7351,647340060,647765885,425825
7352,647773117,648199057,425940
7353,648206284,648639549,433265
7354,648649708,649075808,426100
7355,649083183,649509248,426065
7356,649516518,649942696,426178
7357,649949926,650376101,426175
7358,650383501,650809797,426296
7359,650817029,651243317,426288
7360,651250547,651676953,426406
7361,651684182,652110588,426406
7362,652117818,652550153,432335
7363,652559620,652986184,426564
7364,652993554,653420186,426632
7365,653427450,653854087,426637
7366,653861327,654288078,426751
7367,654295316,654722065,426749
7368,654729314,655156179,426865
7369,655163409,655590273,426864
7370,655597503,656024482,426979
7371,656031720,656458699,426979
7372,656465944,656898166,432222
7373,656907551,657334669,427118
7374,657342006,657769217,427211
7375,657776486,658203704,427218
7376,658210947,658638295,427348
7377,658645537,659072880,427343
7378,659080408,659507851,427443
7379,659515081,659942522,427441
7380,659949757,660377315,427558
7381,660384545,660826052,441507
7382,660836059,661263742,427683
7383,661271050,661698729,427679
7384,661705979,662133768,427789
7385,662140977,662568766,427789
7386,662575971,663003866,427895
7387,663011068,663438962,427894
7388,663446167,663874202,428035
7389,663881401,664309411,428010
7390,664316616,664750802,434186
7391,664760288,665188433,428145
7392,665195800,665624048,428248
7393,665631310,666059555,428245
7394,666066795,666495156,428361
7395,666502393,666930756,428363
7396,666938048,667366547,428499
7397,667373781,667802260,428479
7398,667809497,668238088,428591
7399,668245325,668677570,432245
7400,668687013,669115734,428721
7401,669123114,669551820,428706
7402,669559095,669987924,428829
7403,670009200,670438232,429032
7404,670445903,670874847,428944
7405,670882150,671311087,428937
7406,671318369,671747424,429055
7407,671754684,672183738,429054
7408,672191001,672628283,437282
7409,672638498,673067720,429222
7410,673075125,673504436,429311
7411,673511758,673941048,429290
7412,673948348,674377759,429411
7413,674385059,674814464,429405
7414,674821764,675251285,429521
7415,675258580,675688103,429523
7416,675695400,676125036,429636
7417,676132331,676568145,435814
7418,676577635,677007419,429784
7419,677014816,677464397,449581
7420,677476358,677906478,430120
7421,677914084,678343973,429889
7422,678351310,678781317,430007
7423,678788642,679223273,434631
7424,679239817,679658041,418224
7425,679665963,680096092,430129
7426,680103412,680542005,438593
7427,680551911,680982136,430225
7428,680989501,681419823,430322
7429,681427151,681857474,430323
7430,681864756,682295196,430440
7431,682302471,682732912,430441
7432,682740189,683170765,430576
7433,683178040,683608596,430556
7434,683615873,684046541,430668
7435,684053819,684484690,430871
7436,684492341,684931458,439117
7437,684941725,685372553,430828
7438,685380004,685810955,430951
7439,685818253,686249174,430921
7440,686256442,686687476,431034
7441,686694743,687125778,431035
7442,687133045,687564217,431172
7443,687571482,688002632,431150
7444,688009902,688441189,431287
7445,688448454,688885450,436996
7446,688895071,689326461,431390
7447,689333828,689765206,431378
7448,689772511,690204027,431516
7449,690211286,690642779,431493
7450,690650039,691081650,431611
7451,691088910,691520521,431611
7452,691527788,691959511,431723
7453,691966779,692398502,431723
7454,692405765,692833017,427252
7455,692842530,693274376,431846
7456,693281744,693713655,431911
7457,693720950,694152909,431959
7458,694160174,694592246,432072
7459,694599504,695031575,432071
7460,695038830,695471017,432187
7461,695478272,695910457,432185
7462,695917712,696350014,432302
7463,696357269,696797076,439807
7464,696807255,697239666,432411
7465,697247091,697679514,432423
7466,697686816,698119349,432533
7467,698126599,698559132,432533
7468,698566386,698999035,432649
7469,699006287,699438935,432648
7470,699446188,699878951,432763
7471,699886203,700321004,434801
7472,700328254,700766764,438510
7473,700776364,701209248,432884
7474,701216621,701649640,433019
7475,701656930,702089919,432989
7476,702097173,702530280,433107
7477,702537535,702970639,433104
7478,702977894,703411116,433222
7479,703418366,703851591,433225
7480,703858848,704292188,433340
7481,704299440,704737970,438530
7482,704747440,705180900,433460
7483,705188253,705621705,433452
7484,705629008,706062583,433575
7485,706069846,706503421,433575
7486,706510676,706944364,433688
7487,706951616,707385302,433686
7488,707392557,707826358,433801
7489,707833608,708267414,433806
7490,708274666,708716068,441402
7491,708726084,709160005,433921
7492,709167463,709601497,434034
7493,709608805,710042841,434036
7494,710050108,710484260,434152
7495,710491525,710925674,434149
7496,710932944,711367209,434265
7497,711374476,711808833,434357
7498,711816163,712250543,434380
7499,712257811,712697897,440086
7500,712707475,713141997,434522
7501,713149365,713583857,434492
7502,713591147,714025855,434708
7503,714033113,714467728,434615
7504,714474991,714909739,434748
7505,714917001,715351739,434738
7506,715358992,715794041,435049
7507,715801686,716236570,434884
7508,716243842,716684186,440344
7509,716693679,717128648,434969
7510,717135988,717571064,435076
7511,717578354,718013436,435082
7512,718020691,718455890,435199
7513,718463135,718898332,435197
7514,718905576,719340883,435307
7515,719348128,719783435,435307
7516,719790705,720226128,435423
7517,720233372,720676276,442904
7518,720686432,721121965,435533
7519,721129353,721564890,435537
7520,721572168,722007810,435642
7521,722015063,722450706,435643
7522,722457961,722893719,435758
7523,722900968,723336732,435764
7524,723343981,723779860,435879
7525,723787110,724222986,435876
7526,724230238,724670179,439941
7527,724679756,725115790,436034
7528,725123113,725559217,436104
7529,725566499,726002611,436112
7530,726009870,726446097,436227
7531,726461624,726885201,423577
7532,726892972,727329314,436342
7533,727336596,727793154,456558
7534,727804855,728241395,436540
7535,728248910,728693143,444233
7536,728702989,729139570,436581
7537,729146957,729583517,436560
7538,729590785,730027447,436662
7539,730034687,730471350,436663
7540,730478587,730915368,436781
7541,730922610,731359388,436778
7542,731366631,731796442,429811
7543,731803679,732240573,436894
7544,732247815,732693016,445201
7545,732703300,733140362,437062
7546,733147724,733584878,437154
7547,733592131,734029275,437144
7548,734036482,734473746,437264
7549,734480961,734918220,437259
7550,734925427,735362804,437377
7551,735370014,735807413,437399
7552,735814621,736252113,437492
7553,736259323,736703872,444549
7554,736713650,737151265,437615
7555,737158558,737596165,437607
7556,737603370,738041088,437718
7557,738048277,738485998,437721
7558,738493185,738931018,437833
7559,738938205,739376033,437828
7560,739383220,739821169,437949
7561,739828356,740266302,437946
7562,740273489,740717256,443767
7563,740726741,741164828,438087
7564,741172135,741610324,438189
7565,741617569,742055755,438186
7566,742062970,742501297,438327
7567,742508504,742946801,438297
7568,742954005,743392452,438447
7569,743399657,743838072,438415
7570,743845276,744283806,438530
7571,744291011,744735117,444106
7572,744745289,745183951,438662
7573,745191251,745629906,438655
7574,745637171,746075934,438763
7575,746083116,746521879,438763
7576,746529071,746967952,438881
7577,746975144,747414027,438883
7578,747421214,747860200,438986
7579,747867387,748306373,438986
7580,748313560,748755460,441900
7581,748764951,749204077,439126
7582,749211399,749650626,439227
7583,749657868,750097094,439226
7584,750104317,750543691,439374
7585,750550906,750990247,439341
7586,750997460,751436914,439454
7587,751444129,751883583,439454
7588,751890798,752330370,439572
7589,752337585,752782678,445093
7590,752792143,753231851,439708
7591,753239176,753678861,439685
7592,753686045,754125866,439821
7593,754133151,754572948,439797
7594,754580120,755020034,439914
7595,755027208,755467119,439911
7596,755474296,755914322,440026
7597,755921496,756361527,440031
7598,756368699,756811051,442352
7599,756821080,757261241,440161
7600,757268564,757708843,440279
7601,757716110,758156371,440261
7602,758163601,758603978,440377
7603,758611205,759051584,440379
7604,759058814,759499306,440492
7605,759506533,759947028,440495
7606,759954255,760394862,440607
7607,760402092,760848062,445970
7608,760857592,761298337,440745
7609,761305667,761746392,440725
7610,761753640,762194485,440845
7611,762201695,762642540,440845
7612,762649750,763090708,440958
7613,763097927,763538891,440964
7614,763546098,763987171,441073
7615,763994378,764435454,441076
7616,764442661,764879279,436618
7617,764888699,765329903,441204
7618,765337255,765778587,441332
7619,765785832,766227130,441298
7620,766234355,766675774,441419
7621,766682992,767124411,441419
7622,767131628,767573155,441527
7623,767580370,768021899,441529
7624,768029114,768470758,441644
7625,768480329,768926104,445775
7626,768936273,769378061,441788
7627,769385418,769827213,441795
7628,769834486,770276376,441890
7629,770283586,770725496,441910
7630,770732706,771174714,442008
7631,771181916,771623926,442010
7632,771631141,772073267,442126
7633,772080479,772528339,447860
7634,772537799,772980043,442244
7635,772987342,773429576,442234
7636,773436831,773879182,442351
7637,773886392,774328746,442354
7638,774335951,774778417,442466
7639,774785622,775228091,442469
7640,775235293,775677878,442585
7641,775685080,776127664,442584
7642,776134867,776582726,447859
7643,776592111,777034818,442707
7644,777042148,777484958,442810
7645,777492181,777954199,462018
7646,777965847,778408867,443020
7647,778416408,778859343,442935
7648,778866688,779309724,443036
7649,779317044,779760077,443033
7650,779767384,780210532,443148
7651,780217840,780665767,447927
7652,780676332,781119628,443296
7653,781127154,781570427,443273
7654,781577757,782021144,443387
7655,782028448,782471835,443387
7656,782479132,782922634,443502
7657,782929936,783373438,443502
7658,783380738,783824087,443349
7659,783839549,784283414,443865
7660,784291307,784741580,450273
7661,784751223,785194993,443770
7662,785202378,785646228,443850
7663,785653493,786086848,433355
7664,786094075,786538071,443996
7665,786545290,786989288,443998
7666,786996505,787440583,444078
7667,787447801,787891879,444078
7668,787899098,788343292,444194
7669,788350514,788791958,441444
7670,788801310,789245622,444312
7671,789252969,789697273,444304
7672,789704537,790148964,444427
7673,790156189,790600610,444421
7674,790607827,791052361,444534
7675,791059578,791504118,444540
7676,791511332,791955984,444652
7677,791963201,792407853,444652
7678,792415068,792866865,451797
7679,792876966,793321746,444780
7680,793329131,793774021,444890
7681,793781318,794226208,444890
7682,794233446,794678453,445007
7683,794685678,795130686,445008
7684,795137913,795583029,445116
7685,795590258,796035376,445118
7686,796042604,796493874,451270
7687,796503444,796936351,432907
7688,796943688,797389037,445349
7689,797396289,797829619,433330
7690,797836839,798282300,445461
7691,798289520,798734986,445466
7692,798742203,799187782,445579
7693,799194997,799640579,445582
7694,799647793,800093485,445692
7695,800100697,800552078,451381
7696,800561601,801007440,445839
7697,801014773,801460580,445807
7698,801467845,801913772,445927
7699,801920990,802366919,445929
7700,802374129,802820172,446043
7701,802827382,803273422,446040
7702,803280632,803726787,446155
7703,803733997,804180152,446155
7704,804187364,804641091,453727
7705,804651105,805097383,446278
7706,805104726,805551119,446393
7707,805558389,806004778,446389
7708,806012005,806458509,446504
7709,806465728,806912232,446504
7710,806919454,807366073,446619
7711,807373293,807819915,446622
7712,807827135,808273871,446736
7713,808281091,808733850,452759
7714,808743438,809190287,446849
7715,809197630,809644480,446850
7716,809651754,810098719,446965
7717,810105937,810552902,446965
7718,810560119,811007201,447082
7719,811014419,811461499,447080
7720,811468719,811915944,447225
7721,811923159,812370357,447198
7722,812377577,812830200,452623
7723,812839668,813286996,447328
7724,813294353,813741779,447426
7725,813749062,814196483,447421
7726,814203730,814651266,447536
7727,814658506,815106040,447534
7728,815113280,815560931,447651
7729,815568169,816015823,447654
7730,816023060,816478231,455171
7731,816488290,816936067,447777
7732,816943447,817391347,447900
7733,817398629,817846512,447883
7734,817853741,818301741,448000
7735,818308971,818756973,448002
7736,818764201,819212316,448115
7737,819219543,819667661,448118
7738,819674890,820123121,448231
7739,820130356,820582470,452114
7740,820591965,821040351,448386
7741,821047709,821496057,448348
7742,821503347,821951813,448466
7743,821959053,822407519,448466
7744,822414739,822863317,448578
7745,822870535,823319113,448578
7746,823326333,823775032,448699
7747,823782249,824230946,448697
7748,824238193,824692273,454080
7749,824701698,825150514,448816
7750,825157857,825606804,448947
7751,825614071,826063001,448930
7752,826070221,826519268,449047
7753,826526470,826975518,449048
7754,826982722,827431885,449163
7755,827439097,827907807,468710
7756,827919387,828368747,449360
7757,828376280,828835938,459658
7758,828846486,829295907,449421
7759,829303409,829752803,449394
7760,829760153,830209676,449523
7761,830216989,830666492,449503
7762,830673792,831123411,449619
7763,831130708,831580327,449619
7764,831587627,832037363,449736
7765,832044658,832500154,455496
7766,832509712,832959571,449859
7767,832967016,833416870,449854
7768,833424218,833874185,449967
7769,833881465,834331432,449967
7770,834338709,834788792,450083
7771,834796064,835246149,450085
7772,835253431,835703629,450198
7773,835710901,836152957,442056
7774,836160229,836615730,455501
7775,836625167,837071874,446707
7776,837079342,837529760,450418
7777,837537088,837987513,450425
7778,837994781,838445324,450543
7779,838452584,838903120,450536
7780,838910377,839349802,439425
7781,839357061,839807713,450652
7782,839814970,840265739,450769
7783,840272999,840723901,450902
7784,840733962,841184861,450899
7785,841192267,841643156,450889
7786,841650468,842101463,450995
7787,842116692,842567894,451202
7788,842575578,843026695,451117
7789,843033942,843485057,451115
7790,843492297,843943527,451230
7791,843950762,844401987,451225
7792,844409222,844867376,458154
7793,844877086,845328442,451356
7794,845335819,845787278,451459
7795,845794570,846246038,451468
7796,846253286,846704871,451585
7797,846712111,847163692,451581
7798,847170934,847622633,451699
7799,847629873,848081569,451696
7800,848088811,848546304,457493
7801,848555764,849007616,451852
7802,849014941,849466870,451929
7803,849474107,849926036,451929
7804,849933249,850385296,452047
7805,850392500,850844570,452070
7806,850851770,851303927,452157
7807,851311127,851763317,452190
7808,851770514,852222816,452302
7809,852230014,852689705,459691
7810,852699821,853152257,452436
7811,853159554,853611952,452398
7812,853619210,854071715,452505
7813,854078945,854531453,452508
7814,854538675,854991291,452616
7815,854998513,855451127,452614
7816,855458357,855911088,452731
7817,855918313,856371044,452731
7818,856378266,856829551,451285
7819,856839071,857291935,452864
7820,857299336,857752307,452971
7821,857759597,858212574,452977
7822,858219804,858672893,453089
7823,858680116,859133205,453089
7824,859140430,859593632,453202
7825,859600857,860054087,453230
7826,860061309,860519907,458598
7827,860529334,860982654,453320
7828,860990004,861443440,453436
7829,861450675,861904105,453430
7830,861911320,862364893,453573
7831,862372200,862825746,453546
7832,862832961,863286624,453663
7833,863293839,863747500,453661
7834,863754717,864208493,453776
7835,864215708,864730294,514586
7836,864740767,865194678,453911
7837,865202111,865656027,453916
7838,865663285,866117286,454001
7839,866124511,866578513,454002
7840,866585735,867039852,454117
7841,867047072,867501189,454117
7842,867508414,867962648,454234
7843,867969868,868424100,454232
7844,868431325,868880523,449198
7845,868890246,869344599,454353
7846,869351961,869806422,454461
7847,869813704,870268167,454463
7848,870275404,870729985,454581
7849,870737224,871191803,454579
7850,871199040,871653736,454696
7851,871660973,872115669,454696
7852,872122906,872582987,460081
7853,872592508,873047321,454813
7854,873054694,873509618,454924
7855,873516893,873971849,454956
7856,873979101,874434141,455040
7857,874441383,874896420,455037
7858,874903662,875358814,455152
7859,875366054,875821208,455154
7860,875828450,876283738,455288
7861,876290977,876753848,462871
7862,876764004,877219432,455428
7863,877226810,877683139,456329
7864,877697471,878167676,470205
7865,878178956,878634544,455588
7866,878642014,879097640,455626
7867,879104897,879560510,455613
7868,879567778,880023508,455730
7869,880030781,880494343,463562
7870,880504327,880960210,455883
7871,880967651,881423514,455863
7872,881430799,881886761,455962
7873,881894015,882349977,455962
7874,882357224,882813333,456109
7875,882820583,883276655,456072
7876,883283912,883740097,456185
7877,883747351,884207237,459886
7878,884214489,884676257,461768
7879,884685820,885142180,456360
7880,885149550,885605988,456438
7881,885613267,886069697,456430
7882,886076982,886533513,456531
7883,886540775,886997315,456540
7884,887004578,887461226,456648
7885,887468485,887925144,456659
7886,887932401,888389174,456773
7887,888396434,888861374,464940
7888,888871629,889328572,456943
7889,889336038,889792954,456916
7890,889800256,890257270,457014
7891,890264523,890721534,457011
7892,890728786,891185941,457155
7893,891193190,891650320,457130
7894,891657574,892114816,457242
7895,892122069,892584952,462883
7896,892594442,893051814,457372
7897,893059152,893516504,457352
7898,893523781,893981251,457470
7899,893988508,894445981,457473
7900,894453223,894910806,457583
7901,894918051,895375634,457583
7902,895382876,895840576,457700
7903,895847819,896305539,457720
7904,896312782,896775346,462564
7905,896784781,897242617,457836
7906,897249985,897707916,457931
7907,897715183,898173119,457936
7908,898180359,898638411,458052
7909,898645645,899103697,458052
7910,899110936,899569103,458167
7911,899576340,900034507,458167
7912,900041747,900507366,465619
7913,900517460,900975827,458367
7914,900983240,901441645,458405
7915,901456939,901915629,458690
7916,901923551,902382076,458525
7917,902389353,902847848,458495
7918,902855093,903313708,458615
7919,903320948,903779583,458635
7920,903786823,904245556,458733
7921,904252793,904717593,464800
7922,904727284,905186137,458853
7923,905193505,905652356,458851
7924,905659638,906118599,458961
7925,906125854,906584815,458961
7926,906592072,907051149,459077
7927,907058403,907517480,459077
7928,907524737,907983956,459219
7929,907991211,908456294,465083
7930,908465797,908925111,459314
7931,908932502,909391813,459311
7932,909399091,909858510,459419
7933,909865760,910325182,459422
7934,910332430,910791967,459537
7935,910799214,911258752,459538
7936,911265999,911725652,459653
7937,911732899,912192559,459660
7938,912199807,912664622,464815
7939,912674766,913134569,459803
7940,913141919,913601810,459891
7941,913609057,914068943,459886
7942,914076173,914536172,459999
7943,914543396,915003395,459999
7944,915010617,915470733,460116
7945,915477956,915938074,460118
7946,915945294,916405526,460232
7947,916412756,916879119,466363
7948,916888647,917349021,460374
7949,917356394,917816751,460357
7950,917824043,918284543,460500
7951,918291788,918752258,460470
7952,918759507,919220127,460620
7953,919227372,919687952,460580
7954,919695202,920155927,460725
7955,920163172,920629666,466494
7956,920639084,921092090,453006
7957,921099423,921560236,460813
7958,921567463,922028396,460933
7959,922035589,922496522,460933
7960,922503709,922964755,461046
7961,922971942,923432991,461049
7962,923440178,923901342,461164
7963,923908526,924369693,461167
7964,924376880,924845564,468684
7965,924855638,925316915,461277
7966,925324282,925785679,461397
7967,925792949,926254343,461394
7968,926261576,926723088,461512
7969,926730312,927191817,461505
7970,927199054,927660674,461620
7971,927667914,928149424,481510
7972,928161222,928622649,461427
7973,928632671,929094461,461790
7974,929101871,929563747,461876
7975,929571021,930032882,461861
7976,930040152,930502123,461971
7977,930509377,930971346,461969
7978,930978595,931440674,462079
7979,931447924,931910005,462081
7980,931917255,932379451,462196
7981,932386698,932854703,468005
7982,932864163,933326498,462335
7983,933333893,933796217,462324
7984,933803529,934265964,462435
7985,934273228,934735663,462435
7986,934742920,935205465,462545
7987,935212735,935675277,462542
7988,935682547,936145206,462659
7989,936152474,936617341,464867
7990,936627558,937090373,462815
7991,937097754,937560544,462790
7992,937567806,938030699,462893
7993,938037939,938500832,462893
7994,938508079,938971090,463011
7995,938978332,939441338,463006
7996,939448583,939911741,463158
7997,939918983,940382137,463154
7998,940389392,940858294,468902
7999,940867752,941330993,463241
8000,941338343,941801695,463352
8001,941808949,942272301,463352
8002,942279528,942742995,463467
8003,942750222,943213687,463465
8004,943220916,943684496,463580
8005,943691728,944155305,463577
8006,944162538,944631360,468822
8007,944640710,945098049,457339
8008,945105394,945569212,463818
8009,945576464,946040279,463815
8010,946047499,946511427,463928
8011,946518652,946982582,463930
8012,946989804,947453848,464044
8013,947461067,947925113,464046
8014,947932338,948396496,464158
8015,948403719,948875254,471535
8016,948885288,949349620,464332
8017,949356947,949821236,464289
8018,949828506,950292907,464401
8019,950300132,950764531,464399
8020,950771756,951236293,464537
8021,951243522,951708032,464510
8022,951715264,952179889,464625
8023,952187121,952657254,470133
8024,952666694,953131451,464757
8025,953138814,953603556,464742
8026,953610831,954075693,464862
8027,954082928,954547793,464865
8028,954555023,955019994,464971
8029,955027226,955479401,452175
8030,955486630,955951721,465091
8031,955958951,956429209,470258
8032,956438594,956903810,465216
8033,956911177,957376383,465206
8034,957383658,957848982,465324
8035,957856224,958321551,465327
8036,958328785,958794219,465434
8037,958801457,959266891,465434
8038,959274125,959739677,465552
8039,959746912,960212461,465549
8040,960219699,960692688,472989
8041,960702704,961168402,465698
8042,961175759,961641546,465787
8043,961656861,962109278,452417
8044,962117157,962583090,465933
8045,962590362,963056273,465911
8046,963063530,963529553,466023
8047,963536795,964002813,466018
8048,964010053,964482288,472235
8049,964491803,964957954,466151
8050,964965314,965431565,466251
8051,965438870,965905131,466261
8052,965912403,966378777,466374
8053,966386042,966852416,466374
8054,966859683,967326170,466487
8055,967333434,967799918,466484
8056,967807186,968273788,466602
8057,968281050,968752807,471757
8058,968762164,969228891,466727
8059,969236261,969702968,466707
8060,969710273,970177105,466832
8061,970184378,970651213,466835
8062,970658478,971125420,466942
8063,971132688,971599633,466945
8064,971606895,972073958,467063
8065,972081220,972553270,472050
8066,972563349,973030573,467224
8067,973037970,973505156,467186
8068,973512423,973979699,467276
8069,973986939,974454218,467279
8070,974461457,974928851,467394
8071,974936091,975403487,467396
8072,975410724,975878236,467512
8073,975885473,976352987,467514
8074,976360227,976822922,462695
8075,976832337,977299986,467649
8076,977307366,977775116,467750
8077,977782398,978269524,487126
8078,978281342,978749320,467978
8079,978756925,979224793,467868
8080,979232155,979700143,467988
8081,979707486,980175471,467985
8082,980182803,980658960,476157
8083,980668786,981136912,468126
8084,981144327,981612555,468228
8085,981619850,982088063,468213
8086,982095318,982563651,468333
8087,982570906,983039237,468331
8088,983046489,983514933,468444
8089,983522193,983990634,468441
8090,983997887,984475329,477442
8091,984485711,984954348,468637
8092,984961778,985430470,468692
8093,985437722,985906396,468674
8094,985913616,986382403,468787
8095,986389623,986858412,468789
8096,986865637,987334542,468905
8097,987341764,987810669,468905
8098,987817891,988286911,469020
8099,988294131,988761124,466993
8100,988770654,989239809,469155
8101,989247170,989716312,469142
8102,989723590,990192843,469253
8103,990200093,990669351,469258
8104,990676596,991145957,469361
8105,991153201,991622565,469364
8106,991629810,992099286,469476
8107,992106531,992584121,477590
8108,992594115,993063764,469649
8109,993071182,993540783,469601
8110,993548016,994017722,469706
8111,994024957,994494664,469707
8112,994501888,994971708,469820
8113,994978933,995448757,469824
8114,995455979,995925917,469938
8115,995933142,996410788,477646
8116,996420947,996891047,470100
8117,996898407,997368475,470068
8118,997375755,997845930,470175
8119,997853180,998323355,470175
8120,998330602,998800893,470291
8121,998808135,999278426,470291
8122,999285668,999756074,470406
8123,999763316,233725,-999529591
8124,241102,717249,476147
8125,726717,1197283,470566
8126,1204643,1675292,470649
8127,1682515,2153156,470641
8128,2160431,2631190,470759
8129,2638362,3109124,470762
8130,3116356,3587231,470875
8131,3594403,4065280,470877
8132,4072517,4548639,476122
8133,4557969,5025465,467496
8134,5032788,5503896,471108
8135,5511085,5982190,471105
8136,5989418,6460638,471220
8137,6467810,6939028,471218
8138,6946258,7417596,471338
8139,7424763,7896101,471338
8140,7903328,8373581,470253
8141,8380748,8876738,495990
8142,8886767,9358353,471586
8143,9365683,9837257,471574
8144,9844512,10316181,471669
8145,10323496,10795192,471696
8146,10802430,11274216,471786
8147,11281438,11753228,471790
8148,11760503,12232404,471901
8149,12239689,12717117,477428
8150,12726585,13198614,472029
8151,13205909,13677937,472028
8152,13685229,14157367,472138
8153,14164634,14636771,472137
8154,14643999,15116249,472250
8155,15123464,15595716,472252
8156,15602991,16075357,472366
8157,16082627,16560115,477488
8158,16569477,17041970,472493
8159,17049313,17521826,472513
8160,17529121,18001717,472596
8161,18008985,18481581,472596
8162,18488808,18961522,472714
8163,18968737,19441446,472709
8164,19448723,19921547,472824
8165,19928817,20408876,480059
8166,20418905,20891867,472962
8167,20899220,21372174,472954
8168,21379457,21852521,473064
8169,21859781,22330773,470992
8170,22338053,22811231,473178
8171,22818418,23291596,473178
8172,23298845,23772138,473293
8173,23779393,24252716,473323
8174,24259928,24738985,479057
8175,24756444,25230188,473744
8176,25238199,25711750,473551
8177,25719028,26192546,473518
8178,26199758,26673389,473631
8179,26680584,27154217,473633
8180,27161472,27635219,473747
8181,27642478,28135759,493281
8182,28147570,28628786,481216
8183,28638858,29112775,473917
8184,29120283,29594290,474007
8185,29601610,30091760,490150
8186,30099030,30573145,474115
8187,30580400,31054514,474114
8188,31061824,31536054,474230
8189,31543359,32017589,474230
8190,32024852,32507008,482156
8191,32517356,32991716,474360
8192,32999214,33473684,474470
8193,33481017,33955478,474461
8194,33962732,34437306,474574
8195,34444538,34919111,474573
8196,34926406,35401095,474689
8197,35408380,35883068,474688
8198,35890308,36365115,474807
8199,36372342,36853521,481179
8200,36863069,37338003,474934
8201,37345371,37820287,474916
8202,37827550,38302589,475039
8203,38309781,38784818,475037
8204,38792070,39267223,475153
8205,39274470,39749625,475155
8206,39756827,40232097,475270
8207,40239287,40712076,472789
8208,40721593,41197014,475421
8209,41204401,41679787,475386
8210,41687057,42162560,475503
8211,42169794,42645292,475498
8212,42652585,43128196,475611
8213,43135481,43611089,475608
8214,43618334,44094057,475723
8215,44101287,44586378,485091
8216,44596459,45072321,475862
8217,45079763,45555615,475852
8218,45562867,46038819,475952
8219,46046034,46521988,475954
8220,46529245,47005317,476072
8221,47012577,47488646,476069
8222,47495866,47972051,476185
8223,47979253,48461006,481753
8224,48470524,48946846,476322
8225,48954349,49430646,476297
8226,49437881,49914299,476418
8227,49921489,50397906,476417
8228,50405151,50881682,476531
8229,50888919,51365452,476533
8230,51372649,51849295,476646
8231,51856475,52333120,476645
8232,52340363,52810265,469902
8233,52819715,53296491,476776
8234,53303836,53780710,476874
8235,53787915,54264793,476878
8236,54272051,54749042,476991
8237,54756272,55233256,476984
8238,55240443,55717545,477102
8239,55724715,56201814,477099
8240,56209052,56693559,484507
8241,56703708,57180978,477270
8242,57188356,57665708,477352
8243,57672953,58150293,477340
8244,58157570,58635031,477461
8245,58642291,59119748,477457
8246,59126970,59604546,477576
8247,59611751,60089329,477578
8248,60096594,60579795,483201
8249,60589313,61067237,477924
8250,61074572,61552378,477806
8251,61559615,62037429,477814
8252,62044703,62522630,477927
8253,62529882,63007806,477924
8254,63015018,63493060,478042
8255,63500259,63978301,478042
8256,63985563,64468828,483265
8257,64478268,64956445,478177
8258,64963792,65442059,478267
8259,65449319,65927596,478277
8260,65934861,66413254,478393
8261,66420513,66898896,478383
8262,66906128,67384626,478498
8263,67391868,67870388,478520
8264,67877666,68356281,478615
8265,68363551,68849413,485862
8266,68859445,69338193,478748
8267,69345618,69824384,478766
8268,69831714,70310555,478841
8269,70317825,70796669,478844
8270,70803916,71282870,478954
8271,71290089,71769043,478954
8272,71776326,72255395,479069
8273,72262672,72747237,484565
8274,72756765,73235971,479206
8275,73243301,73722486,479185
8276,73729801,74209108,479307
8277,74216388,74695697,479309
8278,74702922,75182345,479423
8279,75189567,75668984,479417
8280,75676269,76155804,479535
8281,76163082,76649694,486612
8282,76659385,77139065,479680
8283,77146440,77626126,479686
8284,77633456,78130242,496786
8285,78141649,78621515,479866
8286,78629073,79108959,479886
8287,79116234,79596110,479876
8288,79603425,80083417,479992
8289,80090721,80608245,517524
8290,80618678,81098834,480156
8291,81106235,81586346,480111
8292,81593661,82073893,480232
8293,82081190,82561422,480232
8294,82568667,83049009,480342
8295,83056239,83536584,480345
8296,83543859,84024318,480459
8297,84031601,84518679,487078
8298,84528254,85008842,480588
8299,85016180,85496755,480575
8300,85504082,85984770,480688
8301,85992065,86472758,480693
8302,86480003,86960841,480838
8303,86968073,87448879,480806
8304,87456172,87937093,480921
8305,87944383,88431235,486852
8306,88440733,88921719,480986
8307,88929049,89410080,481031
8308,89417395,89898559,481164
8309,89905852,90387006,481154
8310,90394251,90875520,481269
8311,90882750,91364017,481267
8312,91379433,91846952,467519
8313,91854871,92333712,478841
8314,92340957,92843572,502615
8315,92853762,93335289,481527
8316,93342692,93824317,481625
8317,93831594,94313207,481613
8318,94320427,94802157,481730
8319,94809357,95291087,481730
8320,95298347,95780190,481843
8321,95787455,96269296,481841
8322,96276511,96764521,488010
8323,96773986,97255947,481961
8324,97263367,97745444,482077
8325,97752714,98234787,482073
8326,98242002,98724191,482189
8327,98731391,99213575,482184
8328,99220832,99703136,482304
8329,99710391,100192711,482320
8330,100199975,100686455,486480
8331,100695950,101178377,482427
8332,101185750,101668297,482547
8333,101675589,102158127,482538
8334,102165349,102648002,482653
8335,102655219,103137866,482647
8336,103145106,103627872,482766
8337,103635109,104117872,482763
8338,104125107,104614713,489606
8339,104629115,105112063,482948
8340,105119566,105602567,483001
8341,105609810,106092813,483003
8342,106100078,106583192,483114
8343,106590414,107073520,483106
8344,107080740,107563964,483224
8345,107571184,108054408,483224
8346,108061632,108552971,491339
8347,108562671,109046043,483372
8348,109053428,109536893,483465
8349,109544140,110027600,483460
8350,110034825,110518402,483577
8351,110525632,111009209,483577
8352,111016426,111500119,483693
8353,111507339,111991029,483690
8354,111998246,112487474,489228
8355,112496939,112980762,483823
8356,112988102,113472028,483926
8357,113479263,113963179,483916
8358,113970403,114454434,484031
8359,114461651,114945682,484031
8360,114952900,115437043,484143
8361,115444261,115928407,484146
8362,115935627,116427800,492173
8363,116438004,116922300,484296
8364,116929713,117414095,484382
8365,117421317,117905694,484377
8366,117912899,118397393,484494
8367,118404600,118889087,484487
8368,118896287,119380892,484605
8369,119388089,119872694,484605
8370,119879889,120372711,492822
8371,120382574,120867314,484740
8372,120874652,121359490,484838
8373,121366689,121851527,484838
8374,121858724,122343675,484951
8375,122350862,122835818,484956
8376,122843005,123328073,485068
8377,123335260,123820329,485069
8378,123827516,124318228,490712
8379,124327728,124812927,485199
8380,124820287,125305596,485309
8381,125312868,125798170,485302
8382,125805389,126290806,485417
8383,126298028,126783443,485415
8384,126790665,127276197,485532
8385,127283419,127768949,485530
8386,127776173,128291367,515194
8387,128304984,128790719,485735
8388,128798250,129284010,485760
8389,129291267,129777012,485745
8390,129784245,130270105,485860
8391,130277347,130763205,485858
8392,130770447,131256428,485981
8393,131263655,131749636,485981
8394,131756873,132242966,486093
8395,132250201,132742494,492293
8396,132752070,133238288,486218
8397,133245646,133731849,486203
8398,133739122,134225446,486324
8399,134232678,134719002,486324
8400,134726217,135212666,486449
8401,135219883,135706320,486437
8402,135713547,136200096,486549
8403,136207324,136698665,491341
8404,136708052,137194772,486720
8405,137202102,137688779,486677
8406,137696056,138182852,486796
8407,138190094,138676889,486795
8408,138684111,139171019,486908
8409,139178244,139665151,486907
8410,139672391,140159409,487018
8411,140166649,140651737,485088
8412,140661823,141148994,487171
8413,141156452,141643595,487143
8414,141650853,142162638,511785
8415,142171549,142658873,487324
8416,142666218,143153592,487374
8417,143160839,143648205,487366
8418,143655448,144142927,487479
8419,144150161,144644209,494048
8420,144653676,145141291,487615
8421,145148588,145636193,487605
8422,145643415,146131132,487717
8423,146138324,146626042,487718
8424,146633229,147121061,487832
8425,147128254,147616084,487830
8426,147623276,148111221,487945
8427,148118411,148612232,493821
8428,148621683,149109763,488080
8429,149117148,149605216,488068
8430,149612499,150100710,488211
8431,150107924,150596105,488181
8432,150603332,151091629,488297
8433,151098861,151587157,488296
8434,151594387,152082798,488411
8435,152090030,152611824,521794
8436,152621853,153110412,488559
8437,153117807,153606344,488537
8438,153613576,154102213,488637
8439,154109440,154598082,488642
8440,154605312,155094067,488755
8441,155110992,155594279,483287
8442,155602361,156091253,488892
8443,156098556,156594119,495563
8444,156603815,157092823,489008
8445,157100183,157589178,488995
8446,157596443,158085553,489110
8447,158092763,158581869,489106
8448,158589073,159078294,489221
8449,159085501,159574722,489221
8450,159581932,160071266,489334
8451,160078473,160566694,488221
8452,160576171,161065635,489464
8453,161072978,161562459,489481
8454,161569686,162059253,489567
8455,162066455,162556027,489572
8456,162563229,163052916,489687
8457,163060128,163549815,489687
8458,163557027,164046832,489805
8459,164054047,164551490,497443
8460,164561667,165051595,489928
8461,165059015,165548930,489915
8462,165556202,166046222,490020
8463,166053472,166543495,490023
8464,166550740,167040910,490170
8465,167048155,167538293,490138
8466,167545533,168035781,490248
8467,168043023,168530575,487552
8468,168540198,169030594,490396
8469,169037889,169528283,490394
8470,169535573,170026072,490499
8471,170033339,170523833,490494
8472,170531075,171021719,490644
8473,171028964,171538651,509687
8474,171550625,172103443,552818
8475,172118822,172630845,512023
8476,172643397,173134377,490980
8477,173141913,173632815,490902
8478,173640100,174131083,490983
8479,174138350,174629317,490967
8480,174636575,175127660,491085
8481,175134912,175625995,491083
8482,175633257,176124455,491198
8483,176131713,176687646,555933
8484,176699294,177190677,491383
8485,177198127,177689438,491311
8486,177696751,178197061,500310
8487,178207485,178699014,491529
8488,178706407,179197951,491544
8489,179205183,179696719,491536
8490,179703932,180195583,491651
8491,180202793,180763359,560566
8492,180775202,181262885,487683
8493,181270337,181762117,491780
8494,181769357,182261239,491882
8495,182268456,182760338,491882
8496,182767558,183259553,491995
8497,183266773,183758765,491992
8498,183765982,184329415,563433
8499,184342517,184831061,488544
8500,184840358,185332631,492273
8501,185340069,185832304,492235
8502,185839577,186331920,492343
8503,186339195,186831543,492348
8504,186838806,187331292,492486
8505,187338552,187831015,492463
8506,187838275,188400561,562286
8507,188413263,188905940,492677
8508,188913400,189406107,492707
8509,189413357,189906048,492691
8510,189913293,190406095,492802
8511,190413330,190906134,492804
8512,190913374,191406299,492925
8513,191413538,191906463,492925
8514,191913700,192450916,537216
8515,192464551,192957628,493077
8516,192965109,193458289,493180
8517,193465576,193955178,489602
8518,193962453,194455749,493296
8519,194463011,194956297,493286
8520,194963559,195456962,493403
8521,195464222,195952498,488276
8522,195959758,196474845,515087
8523,196487709,196981323,493614
8524,196988988,197482630,493642
8525,197489962,197983591,493629
8526,197990888,198484635,493747
8527,198491925,198985669,493744
8528,198992952,199486811,493859
8529,199494096,199987958,493862
8530,199995245,200541497,546252
8531,200551967,201045984,494017
8532,201053464,201544843,491379
8533,201552138,202046230,494092
8534,202053515,202547725,494210
8535,202555020,203049265,494245
8536,203056550,203550896,494346
8537,203558178,204052504,494326
8538,204059801,204569233,509432
8539,204580840,205075321,494481
8540,205082759,205577340,494581
8541,205584640,206079211,494571
8542,206086469,206581155,494686
8543,206588402,207083104,494702
8544,207090343,207585135,494792
8545,207592380,208087214,494834
8546,208094454,208596385,501931
8547,208606156,209101073,494917
8548,209108498,209603545,495047
8549,209610865,210105895,495030
8550,210113185,210608362,495177
8551,210615647,211110810,495163
8552,211118092,211613347,495255
8553,211620632,212115888,495256
8554,212123173,212656236,533063
8555,212666621,213162014,495393
8556,213169419,213664912,495493
8557,213672230,214167705,495475
8558,214174970,214670561,495591
8559,214677824,215173412,495588
8560,215180679,215676383,495704
8561,215683651,216179354,495703
8562,216186619,216688152,501533
8563,216697747,217193574,495827
8564,217200964,217696901,495937
8565,217704193,218200138,495945
8566,218207408,218703555,496147
8567,218710815,219206872,496057
8568,219216583,219756121,539538
8569,219778444,220270500,492056
8570,220280789,220777099,496310
8571,220784497,221280800,496303
8572,221288070,221784478,496408
8573,221791748,222288150,496402
8574,222295413,222791971,496558
8575,222799231,223295752,496521
8576,223303014,223799648,496634
8577,223806910,224367940,561030
8578,224378345,224875136,496791
8579,224882539,225379328,496789
8580,225386605,225871155,484550
8581,225878420,226375276,496856
8582,226382529,226879503,496974
8583,226886755,227383727,496972
8584,227390982,227888072,497090
8585,227895336,228421132,525796
8586,228434609,228931922,497313
8587,228939505,229436727,497222
8588,229444037,229941353,497316
8589,229948617,230445928,497311
8590,230453192,230950623,497431
8591,230957885,231455313,497428
8592,231462580,231960134,497554
8593,231967394,232470598,503204
8594,232480303,232977979,497676
8595,232985347,233483006,497659
8596,233490310,233988092,497782
8597,233995352,234493133,497781
8598,234500383,234998274,497891
8599,235005526,235503415,497889
8600,235510668,236008675,498007
8601,236015927,236522108,506181
8602,236532370,237030522,498152
8603,237037995,237536162,498167
8604,237543485,238041722,498237
8605,238048990,238547227,498237
8606,238554497,239052849,498352
8607,239060117,239558469,498352
8608,239565739,240064207,498468
8609,240071475,240569910,498435
8610,240579403,241077996,498593
8611,241085361,241583941,498580
8612,241591279,242089977,498698
8613,242097255,242595956,498701
8614,242603211,243102019,498808
8615,243109282,243608090,498808
8616,243615348,244114274,498926
8617,244121534,244625663,504129
8618,244635045,245134097,499052
8619,245141447,245640489,499042
8620,245647814,246146979,499165
8621,246154253,246653418,499165
8622,246660680,247159955,499275
8623,247167215,247666487,499272
8624,247673747,248173137,499390
8625,248180397,248689040,508643
8626,248699520,249199032,499512
8627,249206385,249705900,499515
8628,249713148,250212768,499620
8629,250219981,250719604,499623
8630,250726811,251226542,499731
8631,251233749,251733505,499756
8632,251740710,252246360,505650
8633,252255890,252755759,499869
8634,252763106,253263070,499964
8635,253270360,253770324,499964
8636,253777569,254277653,500084
8637,254284891,254781459,496568
8638,254788696,255288891,500195
8639,255296131,255796328,500197
8640,255803562,256298830,495268
8641,256308255,256808580,500325
8642,256815920,257316345,500425
8643,257323645,257824073,500428
8644,257831330,258331875,500545
8645,258339118,258839655,500537
8646,258846895,259347551,500656
8647,259354793,259855444,500651
8648,259862686,260432146,569460
8649,260442275,260943063,500788
8650,260950441,261451347,500906
8651,261458635,261959528,500893
8652,261966808,262467810,501002
8653,262475052,262976053,501001
8654,262983286,263484400,501114
8655,263491637,263992746,501109
8656,263999984,264507273,507289
8657,264516848,265018090,501242
8658,265025523,265526875,501352
8659,265534210,266035562,501352
8660,266042840,266544300,501460
8661,266551572,267052794,501222
8662,267060072,267576971,516899
8663,267588393,268090104,501711
8664,268097517,268607537,510020
8665,268617358,269119074,501716
8666,269126469,269628292,501823
8667,269635610,270137426,501816
8668,270144693,270646624,501931
8669,270653856,271155783,501927
8670,271163040,271665081,502041
8671,271672336,272174380,502044
8672,272181627,272747343,565716
8673,272757763,273259977,502214
8674,273267357,273769662,502305
8675,273776934,274279254,502320
8676,274286471,274788913,502442
8677,274796123,275298530,502407
8678,275305745,275808270,502525
8679,275815485,276321140,505655
8680,276330713,276829482,498769
8681,276836832,277339467,502635
8682,277346739,277849512,502773
8683,277856760,278376864,520104
8684,278388527,278891496,502969
8685,278899122,279402000,502878
8686,279409320,279912311,502991
8687,279919616,280426206,506590
8688,280436047,280946965,510918
8689,280954370,281457466,503096
8690,281464786,281968003,503217
8691,281975288,282478502,503214
8692,282485782,282989109,503327
8693,282996391,283499716,503325
8694,283506993,284010436,503443
8695,284017715,284529463,511748
8696,284539892,285043480,503588
8697,285059433,285563191,503758
8698,285570950,286074613,503663
8699,286081943,286585603,503660
8700,286592905,287096683,503778
8701,287103961,287607764,503803
8702,287615049,288118945,503896
8703,288126225,288635581,509356
8704,288645227,289141068,495841
8705,289148401,289652417,504016
8706,289659699,290163836,504137
8707,290171088,290675222,504134
8708,290682464,291186713,504249
8709,291193956,291698205,504249
8710,291705447,292215440,509993
8711,292224910,292729310,504400
8712,292736685,293241167,504482
8713,293248437,293752922,504485
8714,293760167,294264789,504622
8715,294272019,294776619,504600
8716,294783844,295288557,504713
8717,295295781,295800494,504713
8718,295807721,296320111,512390
8719,296330355,296835241,504886
8720,296842623,297347587,504964
8721,297354834,297859787,504953
8722,297867002,298372066,505064
8723,298379283,298884379,505096
8724,298891594,299396773,505179
8725,299403990,299909172,505182
8726,299916389,300425463,509074
8727,300435843,300941189,505346
8728,300948492,301453914,505422
8729,301461146,301966583,505437
8730,301973803,302479330,505527
8731,302486540,302992065,505525
8732,302999279,303504924,505645
8733,303512127,304017764,505637
8734,304024964,304527845,502881
8735,304537398,305043163,505765
8736,305050510,305556381,505871
8737,305563606,306069506,505900
8738,306076721,306582712,505991
8739,306589919,307095905,505986
8740,307103110,307609211,506101
8741,307616418,308122517,506099
8742,308129724,308643448,513724
8743,308653615,309159897,506282
8744,309167287,309673631,506344
8745,309680898,310187223,506325
8746,310194467,310700909,506442
8747,310708154,311214596,506442
8748,311221841,311728398,506557
8749,311735643,312247959,512316
8750,312257464,312764142,506678
8751,312771532,313278212,506680
8752,313285477,313792264,506787
8753,313799509,314306299,506790
8754,314313544,314820447,506903
8755,314827692,315334593,506901
8756,315341837,315848858,507021
8757,315856101,316368574,512473
8758,316378212,316885356,507144
8759,316892691,317399837,507146
8760,317407090,317914341,507251
8761,317921578,318428830,507252
8762,318436064,318943431,507367
8763,318950666,319458032,507366
8764,319465267,319972747,507480
8765,319979981,320494967,514986
8766,320505119,321012749,507630
8767,321020089,321527698,507609
8768,321534936,322042681,507745
8769,322049895,322557613,507718
8770,322564815,323072643,507828
8771,323079848,323587678,507830
8772,323594880,324102826,507946
8773,324110025,324623639,513614
8774,324633175,325141240,508065
8775,325148606,325656664,508058
8776,325663911,326172092,508181
8777,326179322,326687503,508181
8778,326694725,327203014,508289
8779,327210262,327718550,508288
8780,327725785,328239452,513667
8781,328248867,328775139,526272
8782,328787017,329280648,493631
8783,329288166,329796701,508535
8784,329804008,330312650,508642
8785,330319945,330828590,508645
8786,330835882,331344635,508753
8787,331351932,331860685,508753
8788,331867967,332386906,518939
8789,332397675,332906560,508885
8790,332913993,333422968,508975
8791,333430263,333939236,508973
8792,333946501,334455589,509088
8793,334462857,334971950,509093
8794,334979205,335488411,509206
8795,335495671,336004879,509208
8796,336012126,336527552,515426
8797,336537133,337046464,509331
8798,337053887,337563338,509451
8799,337570658,338080095,509437
8800,338087360,338596914,509554
8801,338604169,339113716,509547
8802,339120968,339630633,509665
8803,339637888,340147550,509662
8804,340161806,340671669,509863
8805,340679077,341188872,509795
8806,341196159,341706054,509895
8807,341713297,342223194,509897
8808,342230442,342740455,510013
8809,342747702,343257715,510013
8810,343264962,343775090,510128
8811,343782338,344295773,513435
8812,344305903,344816186,510283
8813,344823612,345333868,510256
8814,345341137,345851501,510364
8815,345858746,346369117,510371
8816,346376355,346886831,510476
8817,346894064,347404540,510476
8818,347411772,347922362,510590
8819,347929597,348446000,516403
8820,348455563,348966295,510732
8821,348973642,349484352,510710
8822,349491607,350000908,509301
8823,350008140,350518968,510828
8824,350526193,351037170,510977
8825,351052740,351564054,511314
8826,351572043,352083146,511103
8827,352090406,352607282,516876
8828,352617071,353128274,511203
8829,353135644,353646840,511196
8830,353654055,354165353,511298
8831,354172553,354683854,511301
8832,354691049,355202463,511414
8833,355209660,355721096,511436
8834,355728291,356247548,519257
8835,356257730,356765876,508146
8836,356773251,357279024,505773
8837,357286319,357797953,511634
8838,357805206,358316958,511752
8839,358324212,358835965,511753
8840,358843209,359355074,511865
8841,359362319,359874189,511870
8842,359881434,360399651,518217
8843,360409289,360918987,509698
8844,360926402,361438500,512098
8845,361445762,361958103,512341
8846,361965764,362477980,512216
8847,362485227,362997445,512218
8848,363004688,363517021,512333
8849,363524248,364036582,512334
8850,364043804,364553424,509620
8851,364563127,365075581,512454
8852,365082911,365595475,512564
8853,365602719,366115281,512562
8854,366122508,366635188,512680
8855,366642410,367155087,512677
8856,367162304,367675096,512792
8857,367682313,368200906,518593
8858,368211025,368710987,499962
8859,368718292,369231207,512915
8860,369238451,369751484,513033
8861,369758797,370271822,513025
8862,370279036,370792167,513131
8863,370799382,371312515,513133
8864,371319729,371832975,513246
8865,371840190,372359482,519292
8866,372369070,372882444,513374
8867,372889784,373403155,513371
8868,373410417,373923898,513481
8869,373931131,374444617,513486
8870,374451944,374965538,513594
8871,374972776,375486372,513596
8872,375493607,376007316,513709
8873,376014554,376526677,512123
8874,376536683,377050553,513870
8875,377057953,377571820,513867
8876,377579052,378092997,513945
8877,378100227,378632112,531885
8878,378643893,379158071,514178
8879,379165596,379679676,514080
8880,379686944,380265994,579050
8881,380276394,380790620,514226
8882,380798078,381312366,514288
8883,381319666,381833956,514290
8884,381841226,382355635,514409
8885,382362902,382877308,514406
8886,382884575,383399097,514522
8887,383406362,383920885,514523
8888,383928148,384449182,521034
8889,384458915,384973569,514654
8890,384981017,385495791,514774
8891,385503109,386017866,514757
8892,386025138,386540010,514872
8893,386547282,387062157,514875
8894,387069422,387584432,515010
8895,387591699,388106686,514987
8896,388113956,388634793,520837
8897,388644471,389158739,514268
8898,389166142,389681357,515215
8899,389688644,390203865,515221
8900,390211132,390726463,515331
8901,390733723,391249051,515328
8902,391256311,391771757,515446
8903,391779016,392301981,522965
8904,392312085,392827671,515586
8905,392835064,393350635,515571
8906,393357917,393873586,515669
8907,393880839,394396508,515669
8908,394403755,394919539,515784
8909,394926784,395442566,515782
8910,395449811,395965710,515899
8911,395972952,396494435,521483
8912,396504008,397019557,515549
8913,397026942,397542969,516027
8914,397550264,398066402,516138
8915,398073669,398589842,516173
8916,398597099,399113352,516253
8917,399120607,399636857,516250
8918,399644120,400165725,521605
8919,400175225,400691604,516379
8920,400698951,401215470,516519
8921,401222729,401739213,516484
8922,401746460,402263084,516624
8923,402270334,402786935,516601
8924,402794180,403310894,516714
8925,403318134,403834848,516714
8926,403842102,404366309,524207
8927,404376345,404893235,516890
8928,404900650,405417615,516965
8929,405424922,405941872,516950
8930,405949142,406466204,517062
8931,406473469,406990528,517059
8932,406997796,407514971,517175
8933,407522238,408039446,517208
8934,408046711,408569494,522783
8935,408579027,409096342,517315
8936,409103680,409621091,517411
8937,409628375,410145794,517419
8938,410153051,410670584,517533
8939,410677834,411195365,517531
8940,411202615,411720261,517646
8941,411727526,412249738,522212
8942,412259226,412763911,504685
8943,412771264,413289028,517764
8944,413296297,413814209,517912
8945,413821462,414339343,517881
8946,414346593,414864585,517992
8947,414871830,415389822,517992
8948,415397072,415915179,518107
8949,415922426,416448166,525740
8950,416458233,416976528,518295
8951,416983893,417502126,518233
8952,417509428,418027766,518338
8953,418047591,418566307,518716
8954,418574444,419092935,518491
8955,419100230,419618681,518451
8956,419625963,420151282,525319
8957,420160910,420679491,518581
8958,420686897,421205590,518693
8959,421212870,421731554,518684
8960,421738801,422257600,518799
8961,422264850,422783649,518799
8962,422790901,423309813,518912
8963,423317060,423835977,518917
8964,423843227,424367682,524455
8965,424377194,424896239,519045
8966,424903622,425422769,519147
8967,425430034,425949181,519147
8968,425956436,426475703,519267
8969,426482951,427002211,519260
8970,427009453,427528831,519378
8971,427536048,428055426,519378
8972,428062643,428609698,547055
8973,428623443,429143096,519653
8974,429150682,429670318,519636
8975,429677575,430197191,519616
8976,430204436,430724165,519729
8977,430731407,431251141,519734
8978,431258373,431778219,519846
8979,431785452,432313751,528299
8980,432323559,432843564,520005
8981,432850941,433370908,519967
8982,433378218,433898287,520069
8983,433905585,434425677,520092
8984,434432964,434953154,520190
8985,434960444,435480631,520187
8986,435487934,436008234,520300
8987,436015544,436541179,525635
8988,436550784,437071212,520428
8989,437078622,437599045,520423
8990,437606338,438126893,520555
8991,438134166,438654701,520535
8992,438661976,439182622,520646
8993,439189897,439710545,520648
8994,439717820,440246886,529066
8995,440257188,440778007,520819
8996,440785392,441306291,520899
8997,441313591,441834470,520879
8998,441841737,442362731,520994
8999,442369996,442890988,520992
9000,442898253,443419362,521109
9001,443426625,443947734,521109
9002,443954999,444482401,527402
9003,444492036,445013274,521238
9004,445020644,445541991,521347
9005,445549269,446070611,521342
9006,446077861,446599351,521490
9007,446606601,447128056,521455
9008,447135306,447656899,521593
9009,447664149,448191433,527284
9010,448201026,448722755,521729
9011,448730155,449251858,521703
9012,449259138,449780939,521801
9013,449788202,450310005,521803
9014,450317270,450839184,521914
9015,450846449,451368368,521919
9016,451375633,451897667,522034
9017,451904929,452435625,530696
9018,452445881,452968056,522175
9019,452975444,453497626,522182
9020,453504928,454027193,522265
9021,454034430,454556695,522265
9022,454563930,455086312,522382
9023,455093549,455615929,522380
9024,455623164,456151248,528084
9025,456160873,456683384,522511
9026,456690801,457213429,522628
9027,457220722,457743335,522613
9028,457750595,458273321,522726
9029,458280580,458803309,522729
9030,458810569,459333410,522841
9031,459340672,459863516,522844
9032,459870776,460397428,526652
9033,460407014,460929983,522969
9034,460937315,461460394,523079
9035,461467664,461990741,523077
9036,461997938,462521127,523189
9037,462528330,463051549,523219
9038,463058736,463582041,523305
9039,463589233,464119913,530680
9040,464130029,464653499,523470
9041,464660912,465184334,523422
9042,465191637,465715167,523530
9043,465722435,466245965,523530
9044,466253230,466776875,523645
9045,466784130,467307781,523651
9046,467315045,467838806,523761
9047,467846071,468375540,529469
9048,468385093,468908984,523891
9049,468916372,469440256,523884
9050,469447505,469971499,523994
9051,469978729,470502723,523994
9052,470509953,471034092,524139
9053,471041322,471565466,524144
9054,471572701,472096923,524222
9055,472111086,472635454,524368
9056,472643012,473167374,524362
9057,473174681,473699021,524340
9058,473706299,474230753,524454
9059,474238011,474762468,524457
9060,474769728,475294298,524570
9061,475301556,475826126,524570
9062,475833388,476388095,554707
9063,476398229,476922923,524694
9064,476930308,477455126,524818
9065,477462428,477987264,524836
9066,477994512,478519430,524918
9067,478526680,479070276,543596
9068,479081833,479594199,512366
9069,479601675,480134943,533268
9070,480144782,480667134,522352
9071,480674569,481199734,525165
9072,481207051,481732318,525267
9073,481739593,482264860,525267
9074,482272132,482797514,525382
9075,482804794,483330176,525382
9076,483337449,483862949,525500
9077,483870224,484395583,525359
9078,484405166,484930836,525670
9079,484938224,485463837,525613
9080,485471154,485996882,525728
9081,486012394,486538363,525969
9082,486546091,487071937,525846
9083,487079235,487605080,525845
9084,487612363,488147007,534644
9085,488157419,488670953,513534
9086,488678345,489204459,526114
9087,489211702,489737778,526076
9088,489745000,490271192,526192
9089,490278409,490804598,526189
9090,490811831,491338137,526306
9091,491345380,491871687,526307
9092,491878921,492411443,532522
9093,492421046,492947666,526620
9094,492955430,493481962,526532
9095,493489227,494015757,526530
9096,494022989,494549629,526640
9097,494556854,495083497,526643
9098,495090719,495617477,526758
9099,495624694,496156737,532043
9100,496166190,496693091,526901
9101,496700433,497227324,526891
9102,497234591,497761590,526999
9103,497768825,498295831,527006
9104,498303045,498830157,527112
9105,498837374,499364488,527114
9106,499371705,499898929,527224
9107,499906144,500440811,534667
9108,500451030,500978370,527340
9109,500985742,501499188,513446
9110,501506491,502033941,527450
9111,502041180,502568663,527483
9112,502575887,503103455,527568
9113,503110679,503638244,527565
9114,503645472,504178645,533173
9115,504188543,504716244,527701
9116,504723556,505251367,527811
9117,505258604,505786409,527805
9118,505793622,506321540,527918
9119,506328750,506856668,527918
9120,506863875,507391909,528034
9121,507399116,507927147,528031
9122,507934356,508467963,533607
9123,508477471,509005632,528161
9124,509012985,509528090,515105
9125,509535337,510063609,528272
9126,510070829,510599215,528386
9127,510606433,511134810,528377
9128,511142027,511670521,528494
9129,511677734,512218919,541185
9130,512229055,512757703,528648
9131,512765066,513293716,528650
9132,513300975,513829698,528723
9133,513836925,514365670,528745
9134,514372898,514901736,528838
9135,514908965,515437803,528838
9136,515445033,515973981,528948
9137,515981214,516515660,534446
9138,516525140,517054219,529079
9139,517061599,517590675,529076
9140,517597930,518127116,529186
9141,518134338,518663519,529181
9142,518670739,519200036,529297
9143,519207265,519736562,529297
9144,519743787,520278286,534499
9145,520287726,520817145,529419
9146,520824485,521348927,524442
9147,521356180,521885714,529534
9148,521892942,522422589,529647
9149,522429806,522959453,529647
9150,522966666,523496423,529757
9151,523503643,524033403,529760
9152,524040615,524577886,537271
9153,524587977,525117870,529893
9154,525125183,525655191,530008
9155,525662416,526192416,530000
9156,526199621,526729737,530116
9157,526736942,527267050,530108
9158,527274255,527804479,530224
9159,527811678,528347876,536198
9160,528357401,528906320,548919
9161,528917792,529448224,530432
9162,529455714,529986174,530460
9163,529993469,530523938,530469
9164,530531183,531055382,524199
9165,531062619,531593196,530577
9166,531600426,532144834,544408
9167,532155143,532683816,528673
9168,532691289,533222132,530843
9169,533229386,533760197,530811
9170,533767424,534298347,530923
9171,534305579,534836502,530923
9172,534843727,535374765,531038
9173,535381997,535913035,531038
9174,535920263,536459816,539553
9175,536470173,537001354,531181
9176,537008780,537540061,531281
9177,537547383,538078657,531274
9178,538085972,538617364,531392
9179,538624626,539156015,531389
9180,539163270,539694777,531507
9181,539702026,540237049,535023
9182,540246567,540778222,531655
9183,540785637,541317264,531627
9184,541324546,541856281,531735
9185,541863516,542395253,531737
9186,542402485,542934338,531853
9187,542941575,543473426,531851
9188,543480658,544012626,531968
9189,544019863,544545902,526039
9190,544555450,545087575,532125
9191,545094953,545627036,532083
9192,545634273,546166477,532204
9193,546173682,546705885,532203
9194,546713080,547245396,532316
9195,547252598,547784939,532341
9196,547792137,548381855,589718
9197,548391974,548924424,532450
9198,548931766,549464318,532552
9199,549471593,550004137,532544
9200,550011384,550544044,532660
9201,550551279,551083938,532659
9202,551091176,551623950,532774
9203,551631185,552169649,538464
9204,552179231,552712159,532928
9205,552719522,553252414,532892
9206,553259682,553792692,533010
9207,553799934,554332947,533013
9208,554340170,554873290,533120
9209,554888840,555422111,533271
9210,555429857,555963103,533246
9211,555970380,556498506,528126
9212,556508057,557041420,533363
9213,557048781,557582134,533353
9214,557589394,558122856,533462
9215,558130095,558663562,533467
9216,558670787,559204368,533581
9217,559211593,559745195,533602
9218,559752422,560293682,541260
9219,560303867,560837581,533714
9220,560844979,561378801,533822
9221,561386116,561919921,533805
9222,561927191,562461111,533920
9223,562468371,563002291,533920
9224,563009548,563543583,534035
9225,563550856,564090592,539736
9226,564100198,564634361,534163
9227,564641779,565175942,534163
9228,565183244,565717515,534271
9229,565724795,566259068,534273
9230,566266326,566800714,534388
9231,566807977,567342368,534391
9232,567349633,567884142,534509
9233,567891402,568431108,539706
9234,568440651,568975275,534624
9235,568982680,569517304,534624
9236,569524602,570059336,534734
9237,570066609,570601343,534734
9238,570608603,571143453,534850
9239,571150710,571685560,534850
9240,571692817,572235192,542375
9241,572245434,572779497,534063
9242,572786855,573321953,535098
9243,573329228,573864323,535095
9244,573871560,574406763,535203
9245,574413986,574949186,535200
9246,574956406,575491722,535316
9247,575498942,576034260,535318
9248,576041480,576592511,551031
9249,576604587,577140104,535517
9250,577147561,577683135,535574
9251,577690358,578225914,535556
9252,578233139,578784666,551527
9253,578795414,579331156,535742
9254,579338596,579874373,535777
9255,579881658,580417483,535825
9256,580427449,580963356,535907
9257,580970732,581506629,535897
9258,581513926,582049936,536010
9259,582057199,582593209,536010
9260,582600459,583136581,536122
9261,583143834,583679954,536120
9262,583687204,584231887,544683
9263,584242259,584800397,558138
9264,584807822,585344183,536361
9265,585351483,585887834,536351
9266,585895086,586431555,536469
9267,586438804,586975273,536469
9268,586982540,587519144,536604
9269,587526397,588089496,563099
9270,588099771,588636563,536792
9271,588644006,589180747,536741
9272,589188070,589724920,536850
9273,589732202,590269016,536814
9274,590276296,590813226,536930
9275,590820508,591344861,524353
9276,591352233,591895616,543383
9277,591905031,592437472,532441
9278,592447216,592984451,537235
9279,592991869,593529067,537198
9280,593536359,594073630,537271
9281,594080907,594618183,537276
9282,594625453,595162841,537388
9283,595170113,595707502,537389
9284,595714769,596254340,539571
9285,596264735,596802264,537529
9286,596809666,597347303,537637
9287,597354600,597892229,537629
9288,597899499,598437246,537747
9289,598444513,598982260,537747
9290,598989535,599527394,537859
9291,599534669,600078836,544167
9292,600088539,600626544,538005
9293,600633952,601171929,537977
9294,601179234,601717331,538097
9295,601724604,602262704,538100
9296,602269961,602808194,538233
9297,602815461,603353672,538211
9298,603360944,603899270,538326
9299,603906535,604440014,533479
9300,604449579,604988020,538441
9301,604995390,605533836,538446
9302,605541143,606079697,538554
9303,606086959,606625515,538556
9304,606632778,607171449,538671
9305,607178721,607717390,538669
9306,607724675,608266923,542248
9307,608277080,608815877,538797
9308,608823282,609362196,538914
9309,609369479,609908383,538904
9310,609915653,610454690,539037
9311,610461963,611001017,539054
9312,611008285,611547450,539165
9313,611554717,612099684,544967
9314,612109332,612648582,539250
9315,612655972,613195225,539253
9316,613202522,613741888,539366
9317,613749153,614288543,539390
9318,614295803,614835302,539499
9319,614842564,615382045,539481
9320,615389305,615928901,539596
9321,615936161,616480999,544838
9322,616490540,617030256,539716
9323,617037664,617577378,539714
9324,617584683,618124514,539831
9325,618131794,618671628,539834
9326,618678896,619218835,539939
9327,619226105,619766047,539942
9328,619773317,620314993,541676
9329,620325097,620865187,540090
9330,620872615,621412800,540185
9331,621420089,621960262,540173
9332,621967517,622507805,540288
9333,622515059,623055347,540288
9334,623062602,623603003,540401
9335,623610260,624156136,545876
9336,624165714,624706232,540518
9337,624721777,625262649,540872
9338,625270715,625811399,540684
9339,625818742,626359408,540666
9340,626366708,626907457,540749
9341,626914736,627455480,540744
9342,627462758,628003617,540859
9343,628010892,628542316,531424
9344,628551961,629112871,560910
9345,629124534,629665608,541074
9346,629673114,630214226,541112
9347,630221561,630762658,541097
9348,630769968,631311206,541238
9349,631318518,631859728,541210
9350,631867043,632418914,551871
9351,632429657,632971050,541393
9352,632978605,633520048,541443
9353,633527386,634068819,541433
9354,634076109,634617659,541550
9355,634624952,635166503,541551
9356,635173793,635715456,541663
9357,635722749,636270489,547740
9358,636280049,636821863,541814
9359,636829271,637371070,541799
9360,637378365,637920266,541901
9361,637927536,638469455,541919
9362,638476725,639018737,542012
9363,639026002,639568014,542012
9364,639575284,640122651,547367
9365,640132124,640674278,542154
9366,640681653,641223906,542253
9367,641231193,641773433,542240
9368,641780686,642323068,542382
9369,642330318,642872676,542358
9370,642879928,643422399,542471
9371,643429654,643972129,542475
9372,643979381,644515076,535695
9373,644525241,645067866,542625
9374,645075319,645618040,542721
9375,645625350,646168059,542709
9376,646175341,646718168,542827
9377,646725445,647268271,542826
9378,647275544,647818485,542941
9379,647825763,648374270,548507
9380,648383823,648926895,543072
9381,648934295,649477352,543057
9382,649484647,650027816,543169
9383,650035091,650578261,543170
9384,650585531,651128811,543280
9385,651136078,651679358,543280
9386,651686623,652235251,548628
9387,652244743,652789013,544270
9388,652796378,653339894,543516
9389,653347188,653890729,543541
9390,653897989,654441622,543633
9391,654448874,654992503,543629
9392,654999755,655543499,543744
9393,655550753,656101945,551192
9394,656111999,656645140,533141
9395,656652510,657196386,543876
9396,657203674,657747658,543984
9397,657754925,658298909,543984
9398,658306159,658850253,544094
9399,658857508,659401603,544095
9400,659408852,659953062,544210
9401,659960314,660510002,549688
9402,660519540,661063887,544347
9403,661071282,661615615,544333
9404,661622905,662167342,544437
9405,662174605,662719040,544435
9406,662726307,663270858,544551
9407,663278118,663822671,544553
9408,663829933,664380102,550169
9409,664390068,664970840,580772
9410,664985387,665552076,566689
9411,665565220,666106878,541658
9412,666114509,666659881,545372
9413,666667557,667212634,545077
9414,667220222,667762740,542518
9415,667770388,668326308,555920
9416,668337274,668883336,546062
9417,668891565,669435026,543461
9418,669442877,669988320,545443
9419,669996118,670539037,542919
9420,670546818,671092193,545375
9421,671099433,671638951,539518
9422,671646309,672199530,553221
9423,672209396,672754919,545523
9424,672762287,673307897,545610
9425,673315162,673860760,545598
9426,673867992,674413700,545708
9427,674420928,674966641,545713
9428,674973873,675519702,545829
9429,675526936,676078596,551660
9430,676088149,676629013,540864
9431,676636815,677182771,545956
9432,677190011,677736070,546059
9433,677743279,678289346,546067
9434,678296551,678843091,546540
9435,678858214,679421487,563273
9436,679433606,679979991,546385
9437,679987499,680533957,546458
9438,680544645,681091085,546440
9439,681098475,681644895,546420
9440,681652165,682198687,546522
9441,682205925,682752447,546522
9442,682759694,683306337,546643
9443,683313580,683860220,546640
9444,683867460,684410755,543295
9445,684420473,684967244,546771
9446,684974694,685521575,546881
9447,685528868,686075734,546866
9448,686082983,686629970,546987
9449,686637232,687184213,546981
9450,687191468,687738565,547097
9451,687745814,688298474,552660
9452,688308060,688855281,547221
9453,688862659,689409863,547204
9454,689417121,689964453,547332
9455,689971675,690519000,547325
9456,690526219,691073664,547445
9457,691080884,691628326,547442
9458,691635549,692206743,571194
9459,692216852,692764432,547580
9460,692771782,693319460,547678
9461,693326723,693874391,547668
9462,693881600,694424605,543005
9463,694431822,694973388,541566
9464,694980602,695528503,547901
9465,695552433,696093302,540869
9466,696103514,696651538,548024
9467,696658950,697206962,548012
9468,697214252,697762376,548124
9469,697769628,698317754,548126
9470,698324994,698873238,548244
9471,698880471,699428710,548239
9472,699435942,699984294,548352
9473,699991529,700535706,544177
9474,700545156,701093639,548483
9475,701100996,701649468,548472
9476,701656731,702205316,548585
9477,702212538,702761141,548603
9478,702768383,703317081,548698
9479,703324323,703873024,548701
9480,703880266,704424197,543931
9481,704434384,704983242,548858
9482,704990514,705539455,548941
9483,705546722,706087008,540286
9484,706094207,706643261,549054
9485,706650441,707199520,549079
9486,707206727,707755886,549159
9487,707763093,708317755,554662
9488,708327213,708876499,549286
9489,708883882,709433166,549284
9490,709440416,709989811,549395
9491,709997008,710546400,549392
9492,710553600,711103107,549507
9493,711110301,711659809,549508
9494,711667008,712221731,554723
9495,712231294,712780929,549635
9496,712788269,713338009,549740
9497,713345324,713895067,549743
9498,713902312,714452170,549858
9499,714459407,715009263,549856
9500,715016502,715566471,549969
9501,715573713,716128935,555222
9502,716139132,716689268,550136
9503,716696640,717246737,550097
9504,717254022,717804228,550206
9505,717811475,718361677,550202
9506,718368922,718919241,550319
9507,718926478,719476797,550319
9508,719484035,720040579,556544
9509,720050184,720600631,550447
9510,720608004,721158559,550555
9511,721165864,721716416,550552
9512,721723653,722274321,550668
9513,722281563,722832231,550668
9514,722839468,723390253,550785
9515,723397495,723948276,550781
9516,723955518,724511972,556454
9517,724521497,725072408,550911
9518,725079775,725630786,551011
9519,725638079,726189095,551016
9520,726196342,726747473,551131
9521,726754713,727305842,551129
9522,727313081,727864320,551239
9523,727871560,728430221,558661
9524,728440373,729011833,571460
9525,729023794,729575278,551484
9526,729582771,730134273,551502
9527,730141566,730693063,551497
9528,730700320,731251932,551612
9529,731259190,731810802,551612
9530,731818059,732371654,553595
9531,732381555,732933283,551728
9532,732940683,733492536,551853
9533,733499846,734051689,551843
9534,734058959,734610912,551953
9535,734618187,735170142,551955
9536,735177412,735729505,552093
9537,735736773,736294051,557278
9538,736303551,736855753,552202
9539,736863125,737415311,552186
9540,737422621,737974923,552302
9541,737982210,738534539,552329
9542,738541822,739094241,552419
9543,739101523,739653943,552420
9544,739661230,740221786,560556
9545,740232208,740784828,552620
9546,740792271,741344938,552667
9547,741352278,741904938,552660
9548,741912185,742464958,552773
9549,742472208,743024978,552770
9550,743032223,743585110,552887
9551,743592355,744150887,558532
9552,744160505,744713510,553005
9553,744720890,745273891,553001
9554,745281191,745834307,553116
9555,745841552,746394667,553115
9556,746401910,746955143,553233
9557,746962383,747515614,553231
9558,747522849,748080982,558133
9559,748090560,748643919,553359
9560,748651274,749204746,553472
9561,749212033,749765497,553464
9562,749772760,750326367,553607
9563,750333624,750887199,553575
9564,750894464,751448151,553687
9565,751455416,752068222,612806
9566,752078489,752632381,553892
9567,752639714,753193544,553830
9568,753200794,753754732,553938
9569,753761951,754315862,553911
9570,754323084,754877112,554028
9571,754884334,755438362,554028
9572,755445585,756005251,559666
9573,756014769,756568965,554196
9574,756576245,757128764,552519
9575,757135999,757690265,554266
9576,757697470,758251854,554384
9577,758259054,758813430,554376
9578,758820632,759375126,554494
9579,759382326,759936820,554494
9580,759944023,760506967,562944
9581,760516788,761071425,554637
9582,761078772,761633525,554753
9583,761640785,762189492,548707
9584,762196727,762751565,554838
9585,762758800,763313640,554840
9586,763320877,763875830,554953
9587,763883069,764445700,562631
9588,764455860,765010958,555098
9589,765018328,765573431,555103
9590,765580701,766135887,555186
9591,766143117,766698300,555183
9592,766705535,767260831,555296
9593,767276493,767815616,539123
9594,767823414,768385216,561802
9595,768394974,768950398,555424
9596,768957753,769513282,555529
9597,769520602,770076159,555557
9598,770083419,770639069,555650
9599,770646323,771201970,555647
9600,771209223,771764987,555764
9601,771772245,772322917,550672
9602,772332420,772888307,555887
9603,772895678,773451550,555872
9604,773458853,774014845,555992
9605,774022103,774578100,555997
9606,774585355,775141463,556108
9607,775148718,775704826,556108
9608,775712084,776276323,564239
9609,776286533,776842771,556238
9610,776850231,777406577,556346
9611,777413887,777970221,556334
9612,777977498,778533947,556449
9613,778541222,779172575,631353
9614,779184456,779741103,556647
9615,779748613,780313018,564405
9616,780322877,780879604,556727
9617,780886969,781443673,556704
9618,781450958,782007756,556798
9619,782015018,782571815,556797
9620,782579080,783135995,556915
9621,783143262,783700172,556910
9622,783707437,784269823,562386
9623,784279588,784836646,557058
9624,784844069,785401237,557168
9625,785408502,785965653,557151
9626,785972917,786530181,557264
9627,786537436,787094696,557260
9628,787101946,787659325,557379
9629,787666572,788232048,565476
9630,788242555,788800104,557549
9631,788807550,789365079,557529
9632,789372366,789929973,557607
9633,789937225,790494827,557602
9634,790502076,791059831,557755
9635,791067083,791624798,557715
9636,791632050,792195551,563501
9637,792205141,792762993,557852
9638,792770383,793328338,557955
9639,793335623,793893568,557945
9640,793900808,794458873,558065
9641,794466123,795024186,558063
9642,795031430,795589611,558181
9643,795596861,796160199,563338
9644,796169636,796735503,565867
9645,796743289,797301597,558308
9646,797308864,797852831,543967
9647,797860061,798418507,558446
9648,798425744,798984270,558526
9649,798991508,799550034,558526
9650,799557266,800121276,564010
9651,800131670,800690390,558720
9652,800697913,801256697,558784
9653,801263957,801822724,558767
9654,801829969,802388873,558904
9655,802396113,802954988,558875
9656,802962228,803521218,558990
9657,803528457,804092730,564273
9658,804102481,804661613,559132
9659,804669004,805228136,559132
9660,805235379,805794607,559228
9661,805801836,806361064,559228
9662,806368299,806927642,559343
9663,806934882,807494223,559341
9664,807501460,808066547,565087
9665,808076170,808635661,559491
9666,808643006,809202580,559574
9667,809209848,809769419,559571
9668,809776644,810336323,559679
9669,810343553,810903259,559706
9670,810910584,811470381,559797
9671,811477608,812045014,567406
9672,812055253,812615245,559992
9673,812622648,813182580,559932
9674,813189860,813749898,560038
9675,813757142,814317177,560035
9676,814324420,814884570,560150
9677,814891815,815451990,560175
9678,815459225,816025384,566159
9679,816034982,816595278,560296
9680,816602668,817163051,560383
9681,817170344,817730722,560378
9682,817737974,818298468,560494
9683,818305710,818866209,560499
9684,818873443,819434060,560617
9685,819441302,820007459,566157
9686,820017012,820577756,560744
9687,820585083,821145807,560724
9688,821153065,821713909,560844
9689,821721131,822281981,560850
9690,822289206,822850200,560994
9691,822857440,823418402,560962
9692,823425637,823994182,568545
9693,824004353,824565491,561138
9694,824572891,825134099,561208
9695,825141346,825702564,561218
9696,825709766,826271084,561318
9697,826278299,826839612,561313
9698,826846827,827392179,545352
9699,827399391,827966596,567205
9700,827976214,828537341,561127
9701,828544701,829106242,561541
9702,829113497,829693347,579850
9703,829705301,830250498,545197
9704,830258126,830819910,561784
9705,830827250,831389031,561781
9706,831396351,831966491,570140
9707,831976389,832538289,561900
9708,832545644,833107661,562017
9709,833114976,833676985,562009
9710,833684235,834246363,562128
9711,834253605,834815727,562122
9712,834822965,835385237,562272
9713,835392477,835954715,562238
9714,835973517,836536078,562561
9715,836543586,837105957,562371
9716,837113262,837675730,562468
9717,837683010,838245485,562475
9718,838252753,838821884,569131
9719,838829154,839391743,562589
9720,839399020,839967570,568550
9721,839985120,840544829,559709
9722,840552806,841115632,562826
9723,841122910,841685711,562801
9724,841692936,842255855,562919
9725,842263085,842826004,562919
9726,842833224,843396259,563035
9727,843403486,843972161,568675
9728,843981732,844546573,564841
9729,844553956,845117123,563167
9730,845124386,845687651,563265
9731,845694898,846258166,563268
9732,846265405,846828788,563383
9733,846836028,847399414,563386
9734,847406648,847977747,571099
9735,847988004,848551543,563539
9736,848558893,849122509,563616
9737,849129776,849693392,563616
9738,849700637,850264368,563731
9739,850271578,850835304,563726
9740,850842516,851406398,563882
9741,851413605,851983005,569400
9742,851992538,852556494,563956
9743,852563895,853127886,563991
9744,853135181,853699256,564075
9745,853706506,854270583,564077
9746,854277815,854842002,564187
9747,854849240,855413425,564185
9748,855420662,855990109,569447
9749,855999514,856563844,564330
9750,856571179,857135595,564416
9751,857142885,857707310,564425
9752,857714563,858278036,563473
9753,858285268,858849806,564538
9754,858857046,859421694,564648
9755,859428939,860001160,572221
9756,860011304,860576076,564772
9757,860583483,861148257,564774
9758,861155524,861720409,564885
9759,861727666,862292580,564914
9760,862299852,862864852,565000
9761,862872106,863437103,564997
9762,863444356,864015562,571206
9763,864025142,864590287,565145
9764,864597687,865162917,565230
9765,865170200,865735427,565227
9766,865742682,866308027,565345
9767,866315282,866880627,565345
9768,866887884,867453339,565455
9769,867460597,868031638,571041
9770,868041128,868606719,565591
9771,868614069,869179645,565576
9772,869186912,869752605,565693
9773,869759850,870325549,565699
9774,870332791,870898600,565809
9775,870905834,871471643,565809
9776,871478880,872052190,573310
9777,872062322,872628243,565921
9778,872635601,873201645,566044
9779,873208910,873774952,566042
9780,873782201,874348363,566162
9781,874355608,874921765,566157
9782,874929000,875495265,566265
9783,875502497,876077145,574648
9784,876086692,876653105,566413
9785,876660493,877226883,566390
9786,877234165,877800663,566498
9787,877807900,878374398,566498
9788,878381635,878948249,566614
9789,878955483,879540661,585178
9790,879552512,880127505,574993
9791,880137461,880704225,566764
9792,880711615,881278481,566866
9793,881285736,881852592,566856
9794,881859819,882426788,566969
9795,882434013,883000982,566969
9796,883008204,883575289,567085
9797,883582508,884157644,575136
9798,884168119,884735346,567227
9799,884742719,885309938,567219
9800,885317208,885884525,567317
9801,885891745,886459065,567320
9802,886466287,887033722,567435
9803,887040950,887608382,567432
9804,887615612,888191552,575940
9805,888201391,888768300,566909
9806,888775612,889327330,551718
9807,889334580,889902275,567695
9808,889909510,890477298,567788
9809,890484536,891052314,567778
9810,891059544,891627438,567894
9811,891634667,892208072,573405
9812,892217537,892785563,568026
9813,892792906,893360917,568011
9814,893368210,893936342,568132
9815,893943606,894511738,568132
9816,894518993,895087238,568245
9817,895094495,895662742,568247
9818,895669984,896245937,575953
9819,896256086,896824476,568390
9820,896831881,897400364,568483
9821,897407644,897976119,568475
9822,897983391,898551982,568591
9823,898559249,899127859,568610
9824,899135127,899703832,568705
9825,899711100,900285356,574256
9826,900294914,900863745,568831
9827,900871118,901439936,568818
9828,901447203,902016145,568942
9829,902023402,902592343,568941
9830,902599593,903168644,569051
9831,903175897,903744948,569051
9832,903752198,904326509,574311
9833,904335907,904905086,569179
9834,904912396,905481681,569285
9835,905488946,906058230,569284
9836,906065472,906634875,569403
9837,906642124,907211522,569398
9838,907218744,907788259,569515
9839,907795486,908372392,576906
9840,908382398,908952066,569668
9841,908959418,909529096,569678
9842,909536354,910106104,569750
9843,910113344,910683095,569751
9844,910690325,911260190,569865
9845,911267408,911837266,569858
9846,911844481,912419955,575474
9847,912429503,912999484,569981
9848,913006844,913576936,570092
9849,913592227,914145827,553600
9850,914153768,914723985,570217
9851,914731270,915301464,570194
9852,915308719,915879031,570312
9853,915886281,916535408,649127
9854,916549472,917119954,570482
9855,917127510,917697937,570427
9856,917705245,918275780,570535
9857,918283064,918853622,570558
9858,918860899,919431552,570653
9859,919438827,920035294,596467
9860,920045724,920616549,570825
9861,920623952,921194755,570803
9862,921202060,921772966,570906
9863,921780228,922351137,570909
9864,922358402,922929423,571021
9865,922936703,923507721,571018
9866,923514996,924092546,577550
9867,924102096,924673250,571154
9868,924680637,925251897,571260
9869,925259187,925830433,571246
9870,925837708,926409073,571365
9871,926416335,926987702,571367
9872,926994974,927566454,571480
9873,927573727,928150905,577178
9874,928160576,928732186,571610
9875,928739546,929311151,571605
9876,929320917,929910317,589400
9877,929922385,930494183,571798
9878,930501814,931073647,571833
9879,931080987,931652803,571816
9880,931660128,932294946,634818
9881,932305526,932877490,571964
9882,932884892,933456961,572069
9883,933464286,934036342,572056
9884,934043617,934615786,572169
9885,934623053,935195222,572169
9886,935202492,935774776,572284
9887,935782044,936360257,578213
9888,936369847,936942259,572412
9889,936949632,937522057,572425
9890,937529351,938101864,572513
9891,938109126,938681638,572512
9892,938688898,939261523,572625
9893,939268778,939841403,572625
9894,939848660,940427229,578569
9895,940436727,941009475,572748
9896,941016845,941589701,572856
9897,941597000,942169854,572854
9898,942177121,942750089,572968
9899,942757357,943330325,572968
9900,943337592,943910673,573081
9901,943926839,944500233,573394
9902,944507969,945081188,573219
9903,945088543,945661749,573206
9904,945669034,946242351,573317
9905,946249628,946822945,573317
9906,946830222,947403652,573430
9907,947410929,947992964,582035
9908,948002795,948559732,556937
9909,948567143,949140707,573564
9910,949147975,949721677,573702
9911,949728915,950302577,573662
9912,950309809,950883600,573791
9913,950890829,951452842,562013
9914,951460069,952039823,579754
9915,952049401,952623307,573906
9916,952630692,953204703,574011
9917,953211985,953786001,574016
9918,953793231,954367362,574131
9919,954374592,954948743,574151
9920,954955985,955530226,574241
9921,955537469,956117197,579728
9922,956127351,956701747,574396
9923,956709093,957283464,574371
9924,957290744,957865221,574477
9925,957872451,958446928,574477
9926,958454165,959028757,574592
9927,959035997,959610594,574597
9928,959617829,960198481,580652
9929,960208099,960782826,574727
9930,960790184,961365009,574825
9931,961372291,961947119,574828
9932,961954346,962529292,574946
9933,962536524,963111460,574936
9934,963118687,963693738,575051
9935,963700965,964281604,580639
9936,964291167,964866356,575189
9937,964873728,965448897,575169
9938,965456184,966031473,575289
9939,966038703,966613992,575289
9940,966621214,967196616,575402
9941,967203848,967779249,575401
9942,967786484,968369414,582930
9943,968379448,968954970,575522
9944,968962250,969537887,575637
9945,969545159,970120794,575635
9946,970128034,970703786,575752
9947,970711009,971286753,575744
9948,971293976,971869833,575857
9949,971877056,972458484,581428
9950,972468022,973044020,575998
9951,973051378,973627356,575978
9952,973634641,974204667,570026
9953,974211897,974788000,576103
9954,974795222,975371433,576211
9955,975378653,975960134,581481
9956,975969594,976530611,561017
9957,976537972,977114298,576326
9958,977121588,977698032,576444
9959,977705267,978281713,576446
9960,978288941,978865497,576556
9961,978872737,979466763,594026
9962,979478712,980061060,582348
9963,980071625,980648360,576735
9964,980655835,981232638,576803
9965,981239965,981828954,588989
9966,981836239,982413137,576898
9967,982420424,982997322,576898
9968,983004604,983581617,577013
9969,983588895,984171714,582819
9970,984181317,984758455,577138
9971,984765855,985342981,577126
9972,985350316,985922605,572289
9973,985929883,986507131,577248
9974,986514389,987091752,577363
9975,987099015,987676379,577364
9976,987683643,988261253,577610
9977,988279486,988857173,577687
9978,988864944,989442561,577617
9979,989449894,990027511,577617
9980,990034796,990612495,577699
9981,990619780,991197480,577700
9982,991204762,991782575,577813
9983,991789860,992372348,582488
9984,992382662,992960630,577968
9985,992968105,993546051,577946
9986,993553353,994131399,578046
9987,994138656,994716704,578048
9988,994723961,995302124,578163
9989,995309374,995887542,578168
9990,995901022,996479446,578424
9991,996488518,997066794,578276
9992,997074071,997652462,578391
9993,997659767,998238166,578399
9994,998245423,998823935,578512
9995,998831165,999409674,578509
9996,999416901,1139,-999415762
9997,10779,589414,578635
9998,596731,1175478,578747
9999,1182740,1761490,578750
10000,1768675,2347545,578870
