num_test,start,end,time
1,1613410,1618996,5586
2,1680722,1685131,4409
3,1711437,1715098,3661
4,1736009,1740227,4218
5,1758319,1762326,4007
6,1784692,1788639,3947
7,1808719,1812463,3744
8,1835051,1839734,4683
9,1857368,1861747,4379
10,1886315,1890860,4545
11,1908538,1921612,13074
12,1938933,1943433,4500
13,1957296,1961446,4150
14,1974948,1979534,4586
15,1996175,2001438,5263
16,2018778,2024082,5304
17,2042106,2047572,5466
18,2065164,2070877,5713
19,2085966,2091052,5086
20,2104576,2110016,5440
21,2123514,2129709,6195
22,2146508,2152635,6127
23,2169990,2180962,10972
24,2198814,2205313,6499
25,2222401,2228258,5857
26,2242489,2248699,6210
27,2262686,2268746,6060
28,2285469,2292382,6913
29,2310008,2329570,19562
30,2348192,2356194,8002
31,2376245,2383436,7191
32,2405072,2413305,8233
33,2431637,2439786,8149
34,2457679,2465678,7999
35,2483943,2492025,8082
36,2511308,2520623,9315
37,2544940,2553822,8882
38,2572365,2581308,8943
39,2599351,2607884,8533
40,2625961,2642839,16878
41,2661633,2670196,8563
42,2688029,2697197,9168
43,2714864,2723435,8571
44,2740914,2750973,10059
45,2769020,2779199,10179
46,2801133,2811173,10040
47,2829017,2838895,9878
48,2858758,2869211,10453
49,2887003,2896960,9957
50,2914969,2933238,18269
51,2956867,2968294,11427
52,2986300,2997798,11498
53,3014094,3023566,9472
54,3037373,3047537,10164
55,3063577,3075045,11468
56,3092348,3103433,11085
57,3144598,3155889,11291
58,3172166,3189795,17629
59,3205966,3217980,12014
60,3235565,3247774,12209
61,3269989,3282544,12555
62,3300084,3311496,11412
63,3325900,3337406,11506
64,3352175,3365339,13164
65,3383014,3520750,137736
66,3552142,3565817,13675
67,3587957,3601245,13288
68,3620100,3634354,14254
69,3653066,3667516,14450
70,3686502,3702151,15649
71,3720777,3735658,14881
72,3754833,3779323,24490
73,3798753,3813604,14851
74,3835019,3850743,15724
75,3868252,3884254,16002
76,3901628,3916574,14946
77,3934858,3950814,15956
78,3968824,3993840,25016
79,4014367,4030459,16092
80,4050198,4067091,16893
81,4085592,4106041,20449
82,4124629,4141360,16731
83,4163317,4180059,16742
84,4197734,4220299,22565
85,4235560,4251495,15935
86,4268594,4286133,17539
87,4309943,4327614,17671
88,4345345,4361230,15885
89,4375856,4391753,15897
90,4408105,4433775,25670
91,4455468,4474526,19058
92,4492317,4508822,16505
93,4523182,4540018,16836
94,4556832,4575593,18761
95,4593478,4618859,25381
96,4640883,4659614,18731
97,4677540,4699451,21911
98,4718066,4737582,19516
99,4756900,4778130,21230
100,4796910,4832684,35774
101,4853389,4872732,19343
102,4893978,4914250,20272
103,4933090,4953599,20509
104,4970954,4991948,20994
105,5010048,5038826,28778
106,5063128,5083505,20377
107,5101721,5122268,20547
108,5139548,5165526,25978
109,5183543,5205213,21670
110,5228339,5258362,30023
111,5277062,5297744,20682
112,5312385,5333770,21385
113,5351295,5374642,23347
114,5393264,5423568,30304
115,5439961,5460707,20746
116,5475747,5499229,23482
117,5518798,5542160,23362
118,5560902,5588651,27749
119,5604488,5627023,22535
120,5644228,5667281,23053
121,5685437,5708822,23385
122,5729007,5753099,24092
123,5773987,5805341,31354
124,5824985,5850982,25997
125,5871224,5897443,26219
126,5917328,5941543,24215
127,5960496,6020704,60208
128,6040077,6064793,24716
129,6087429,6112727,25298
130,6131368,6155643,24275
131,6176111,6210152,34041
132,6228819,6253707,24888
133,6273175,6299138,25963
134,6317441,6347836,30395
135,6366473,6397244,30771
136,6412866,6438521,25655
137,6456113,6481603,25490
138,6499803,6525695,25892
139,6541366,6573675,32309
140,6592079,6620384,28305
141,6638998,6665905,26907
142,6681659,6707310,25651
143,6724383,6759684,35301
144,6778832,6807302,28470
145,6827804,6854902,27098
146,6874633,6903239,28606
147,6923327,6960435,37108
148,6981786,7004130,22344
149,7016741,7038780,22039
150,7050459,7083839,33380
151,7096709,7119553,22844
152,7131078,7154410,23332
153,7165871,7189274,23403
154,7200882,7229228,28346
155,7241776,7265408,23632
156,7276975,7300656,23681
157,7312102,7344918,32816
158,7357706,7382365,24659
159,7394040,7418523,24483
160,7429969,7542629,112660
161,7561337,7592514,31177
162,7605389,7630194,24805
163,7641790,7666750,24960
164,7692653,7723841,31188
165,7737592,7763423,25831
166,7775302,7801073,25771
167,7812568,7838182,25614
168,7849669,7881184,31515
169,7893965,7920308,26343
170,7932164,7958796,26632
171,7970280,8001686,31406
172,8014316,8041114,26798
173,8052966,8079963,26997
174,8091518,8124506,32988
175,8137129,8164321,27192
176,8176087,8203355,27268
177,8214932,8258683,43751
178,8272076,8299483,27407
179,8311117,8338539,27422
180,8350105,8378147,28042
181,8389762,8423161,33399
182,8435915,8464968,29053
183,8476872,8505734,28862
184,8517221,8551345,34124
185,8564054,8593032,28978
186,8604944,8634133,29189
187,8645601,8679530,33929
188,8692126,8721273,29147
189,8733201,8762701,29500
190,8774264,8808797,34533
191,8821420,8851432,30012
192,8863227,8893889,30662
193,8905508,8940910,35402
194,8953593,8984879,31286
195,8996633,9027787,31154
196,9039249,9075478,36229
197,9088217,9119491,31274
198,9131306,9163422,32116
199,9174891,9216180,41289
200,9228798,9261753,32955
201,9273526,9311590,38064
202,9324171,9357179,33008
203,9368768,9401471,32703
204,9412977,9450773,37796
205,9463625,9496606,32981
206,9508522,9541500,32978
207,9553025,9591295,38270
208,9603944,9637263,33319
209,9649206,9682766,33560
210,9694358,9733809,39451
211,9746529,9780168,33639
212,9791949,9826550,34601
213,9838135,9877838,39703
214,9890539,9925313,34774
215,9937090,9976849,39759
216,9989430,10024261,34831
217,10036297,10071094,34797
218,10082657,10122558,39901
219,10135339,10170417,35078
220,10182281,10217450,35169
221,10229121,10269357,40236
222,10282014,10317634,35620
223,10329602,10370131,40529
224,10382882,10418979,36097
225,10430970,10467564,36594
226,10479089,10521024,41935
227,10533647,10570082,36435
228,10581780,10619216,37436
229,10630899,10672875,41976
230,10685637,10723813,38176
231,10735759,10778634,42875
232,10791392,10829711,38319
233,10841661,10879732,38071
234,10891283,10936165,44882
235,10948987,10987930,38943
236,10999778,11048024,48246
237,11060831,11100237,39406
238,11112025,11151539,39514
239,11163357,11211653,48296
240,11224384,11264500,40116
241,11276344,11321839,45495
242,11334665,11375645,40980
243,11389602,11577634,188032
244,11607480,11662782,55302
245,11679615,11721151,41536
246,11733217,11779904,46687
247,11793102,11834559,41457
248,11846340,11887798,41458
249,11899496,11946238,46742
250,11959090,12000890,41800
251,12012986,12060237,47251
252,12073017,12115776,42759
253,12127759,12175588,47829
254,12188343,12231281,42938
255,12243272,12286286,43014
256,12297898,12345780,47882
257,12358575,12401796,43221
258,12413719,12462988,49269
259,12475859,12519685,43826
260,12531555,12580663,49108
261,12593552,12637438,43886
262,12649298,12693334,44036
263,12705055,12754053,48998
264,12766784,12811674,44890
265,12823684,12881155,57471
266,12894864,12940118,45254
267,12952181,13002149,49968
268,13015035,13060048,45013
269,13072047,13116820,44773
270,13128465,13183763,55298
271,13196514,13242644,46130
272,13254361,13306438,52077
273,13319241,13366216,46975
274,13378016,13430048,52032
275,13442839,13489830,46991
276,13501664,13553883,52219
277,13566607,13613564,46957
278,13625371,13673279,47908
279,13684891,13737776,52885
280,13750372,13798479,48107
281,13810501,13863638,53137
282,13876286,13925311,49025
283,13937332,13992424,55092
284,14005061,14055247,50186
285,14067246,14123022,55776
286,14135671,14186184,50513
287,14198141,14253398,55257
288,14266028,14316545,50517
289,14328487,14384214,55727
290,14396848,14447665,50817
291,14459626,14515800,56174
292,14528427,14579316,50889
293,14591250,14647285,56035
294,14659931,14712188,52257
295,14724119,14781090,56971
296,14793731,14845861,52130
297,14857829,14914943,57114
298,14927633,14979714,52081
299,14991626,15043902,52276
300,15055397,15116544,61147
301,15129201,15181770,52569
302,15193517,15251296,57779
303,15264155,15316710,52555
304,15328580,15453352,124772
305,15474985,15528497,53512
306,15540631,15595263,54632
307,15605443,15646806,41363
308,15656131,15706017,49886
309,15716170,15758565,42395
310,15767881,15814649,46768
311,15824687,15866890,42203
312,15876190,15923328,47138
313,15933339,15976296,42957
314,15995657,16043953,48296
315,16054535,16098322,43787
316,16107629,16155801,48172
317,16165899,16209713,43814
318,16219005,16267340,48335
319,16277357,16321974,44617
320,16331297,16379859,48562
321,16389880,16434861,44981
322,16444159,16492845,48686
323,16502853,16547723,44870
324,16557049,16606228,49179
325,16616236,16661494,45258
326,16670786,16723231,52445
327,16733359,16782747,49388
328,16792740,16838129,45389
329,16847488,16896605,49117
330,16906516,16951915,45399
331,16961213,17010543,49330
332,17020461,17066681,46220
333,17075986,17131867,55881
334,17142128,17188462,46334
335,17197677,17247773,50096
336,17257724,17303941,46217
337,17313290,17363487,50197
338,17373423,17420569,47146
339,17429918,17481058,51140
340,17490946,17538113,47167
341,17547466,17598741,51275
342,17608635,17655950,47315
343,17665284,17716485,51201
344,17726372,17774039,47667
345,17783372,17835169,51797
346,17845047,17896897,51850
347,17906971,18017410,110439
348,18027096,18079893,52797
349,18089957,18138707,48750
350,18148012,18201407,53395
351,18211387,18260909,49522
352,18270220,18326646,56426
353,18336639,18386161,49522
354,18395343,18449890,54547
355,18459714,18510109,50395
356,18519289,18573659,54370
357,18583649,18638028,54379
358,18648147,18698818,50671
359,18708056,18762597,54541
360,18772680,18824118,51438
361,18833365,18888790,55425
362,18898804,18950635,51831
363,18959916,19015621,55705
364,19025626,19077421,51795
365,19086690,19146515,59825
366,19156513,19212510,55997
367,19222548,19274662,52114
368,19283987,19470181,186194
369,19487561,19531103,43542
370,19538917,19585946,47029
371,19594291,19637740,43449
372,19645431,19692293,46862
373,19700485,19747316,46831
374,19755606,19800087,44481
375,19807645,19855307,47662
376,19863566,19908105,44539
377,19915738,19966139,50401
378,19974504,20019240,44736
379,20026866,20074981,48115
380,20083231,20131671,48440
381,20139876,20185352,45476
382,20192915,20241516,48601
383,20249723,20295144,45421
384,20302810,20352190,49380
385,20360372,20409948,49576
386,20418200,20464408,46208
387,20471916,20521407,49491
388,20529684,20575897,46213
389,20583497,20633331,49834
390,20641573,20691871,50298
391,20700111,20747273,47162
392,20754886,20809978,55092
393,20818486,20865776,47290
394,20873399,20924381,50982
395,20932480,20983347,50867
396,20991662,21039165,47503
397,21046773,21097447,50674
398,21105719,21153954,48235
399,21161597,21213899,52302
400,21222167,21275847,53680
401,21284112,21332457,48345
402,21340046,21392255,52209
403,21400365,21449504,49139
404,21457115,21509345,52230
405,21517514,21569867,52353
406,21578146,21627544,49398
407,21635122,21687751,52629
408,21695998,21745478,49480
409,21753069,21807777,54708
410,21816072,21869382,53310
411,21877581,21927876,50295
412,21935595,21989082,53487
413,21997267,22050734,53467
414,22059064,22109409,50345
415,22116980,22170332,53352
416,22178595,22229065,50470
417,22236686,22293699,57013
418,22302064,22356038,53974
419,22364288,22414931,50643
420,22422600,22477403,54803
421,22485585,22540230,54645
422,22548595,22600863,52268
423,22608458,22666554,58096
424,22674746,22730086,55340
425,22738371,22790623,52252
426,22798291,22853811,55520
427,22862036,22914218,52182
428,22921946,22977589,55643
429,22985771,23041504,55733
430,23049839,23102309,52470
431,23109910,23165726,55816
432,23173975,23230736,56761
433,23239061,23311093,72032
434,23327838,23388668,60830
435,23398161,23455330,57169
436,23463667,23517500,53833
437,23525096,23582252,57156
438,23590442,23647814,57372
439,23656006,23710015,54009
440,23717573,23775752,58179
441,23783871,23842005,58134
442,23850280,23905151,54871
443,23912681,23970842,58161
444,23979002,24044839,65837
445,24053487,24109190,55703
446,24116768,24176092,59324
447,24184315,24243408,59093
448,24251793,24307641,55848
449,24315247,24374486,59239
450,24382733,24442749,60016
451,24451004,24507629,56625
452,24515315,24575586,60271
453,24583740,24644044,60304
454,24652359,24709152,56793
455,24716758,24777784,61026
456,24786063,24846435,60372
457,24854629,24911773,57144
458,24919369,24980352,60983
459,24988446,25049475,61029
460,25065616,25123707,58091
461,25131921,25193676,61755
462,25201981,25267645,65664
463,25275930,25340472,64542
464,25348711,25408517,59806
465,25415972,25479057,63085
466,25487112,25550240,63128
467,25558407,25618189,59782
468,25625813,25690520,64707
469,25698604,25762727,64123
470,25770871,25831579,60708
471,25839022,25903067,64045
472,25911174,25975495,64321
473,25983637,26047527,63890
474,26055751,26116782,61031
475,26124330,26188864,64534
476,26196961,26261442,64481
477,26269579,26331016,61437
478,26338632,26403424,64792
479,26411508,26476205,64697
480,26484377,26549969,65592
481,26558131,26620429,62298
482,26628005,26693802,65797
483,26701869,26769728,67859
484,26778048,26840449,62401
485,26848065,26913669,65604
486,26921713,26987393,65680
487,26995570,27061078,65508
488,27069326,27132484,63158
489,27140027,27207405,67378
490,27215552,27282131,66579
491,27363247,27437327,74080
492,27450007,27514827,64820
493,27522575,27590845,68270
494,27599155,27667491,68336
495,27675763,27740575,64812
496,27748219,27816361,68142
497,27824506,27892844,68338
498,27901106,27969371,68265
499,27977566,28042759,65193
500,28050455,28119893,69438
501,28128040,28196772,68732
502,28205029,28276477,71448
503,28284739,28350922,66183
504,28358535,28428610,70075
505,28436797,28510135,73338
506,28518537,28588745,70208
507,28597010,28663972,66962
508,28671713,28742078,70365
509,28750268,28820829,70561
510,28829126,28900527,71401
511,28908781,28976741,67960
512,28984439,29055755,71316
513,29063942,29135184,71242
514,29143494,29214902,71408
515,29223174,29291369,68195
516,29299068,29370726,71658
517,29378913,29450344,71431
518,29458676,29530127,71451
519,29538376,29606820,68444
520,29614511,29686127,71616
521,29694344,29768396,74052
522,29776793,29849291,72498
523,29857563,29929959,72396
524,29938346,30008777,70431
525,30016450,30090036,73586
526,30098305,30171641,73336
527,30179908,30253476,73568
528,30261843,30332409,70566
529,30340098,30413638,73540
530,30421885,30495463,73578
531,30503741,30577772,74031
532,30586120,30657052,70932
533,30664730,30739057,74327
534,30747297,30836187,88890
535,30845514,30923543,78029
536,30932451,31006942,74491
537,31015227,31086153,70926
538,31093884,31168199,74315
539,31176351,31252956,76605
540,31261284,31414477,153193
541,31427843,31498971,71128
542,31506827,31582109,75282
543,31590314,31665741,75427
544,31674089,31749449,75360
545,31757738,31836386,78648
546,31844771,31917219,72448
547,31924885,32000322,75437
548,32008522,32084899,76377
549,32093184,32169464,76280
550,32177811,32251043,73232
551,32258679,32335197,76518
552,32343351,32420255,76904
553,32428437,32505260,76823
554,32513522,32590484,76962
555,32598733,32672680,73947
556,32680335,32757387,77052
557,32765494,32844986,79492
558,32853411,32931452,78041
559,32939742,33017590,77848
560,33025890,33100726,74836
561,33108440,33186451,78011
562,33194648,33272461,77813
563,33280658,33358409,77751
564,33366654,33445620,78966
565,33453897,33529755,75858
566,33537474,33616560,79086
567,33624737,33703578,78841
568,33711913,33790997,79084
569,33799246,33878485,79239
570,33886803,33963814,77011
571,33971467,34051503,80036
572,34059718,34140957,81239
573,34149051,34230375,81324
574,34238673,34322327,83654
575,34330680,34411966,81286
576,34420291,34498300,78009
577,34505948,34592049,86101
578,34600566,34682650,82084
579,34690769,34773121,82352
580,34781416,34863775,82359
581,34872102,34951251,79149
582,34958942,35041672,82730
583,35049899,35132336,82437
584,35140683,35226337,85654
585,35234725,35394775,160050
586,35409014,35493072,84058
587,35501467,35580946,79479
588,35588758,35672520,83762
589,35680672,35764542,83870
590,35772779,35856264,83485
591,35864431,35950636,86205
592,35958866,36042886,84020
593,36051136,36132097,80961
594,36139835,36224876,85041
595,36233015,36317875,84860
596,36326285,36410940,84655
597,36419155,36504092,84937
598,36512355,36597252,84897
599,36605474,36690500,85026
600,36698775,36781442,82667
601,36789070,36875115,86045
602,36883348,36970829,87481
603,36979016,37066272,87256
604,37074526,37161582,87056
605,37169786,37256839,87053
606,37272942,37363005,90063
607,37371693,37455591,83898
608,37463212,37551500,88288
609,37559577,37647880,88303
610,37656122,37744330,88208
611,37752607,37841171,88564
612,37849428,37937847,88419
613,37946029,38034618,88589
614,38042890,38160491,117601
615,38168580,38258685,90105
616,38266865,38361253,94388
617,38369901,38459750,89849
618,38467980,38559147,91167
619,38567475,38661622,94147
620,38670092,38762127,92035
621,38770377,38862492,92115
622,38870764,38965397,94633
623,38973679,39062486,88807
624,39070034,39162016,91982
625,39170306,39262466,92160
626,39270703,39436279,165576
627,39447405,39539788,92383
628,39548080,39640378,92298
629,39648713,39741171,92458
630,39749363,39841979,92616
631,39850254,39942945,92691
632,39951150,40041398,90248
633,40049014,40142547,93533
634,40150671,40244227,93556
635,40252439,40346180,93741
636,40354192,40447572,93380
637,40455737,40549416,93679
638,40557547,40653592,96045
639,40662079,40755811,93732
640,40763965,40857847,93882
641,40866147,40960193,94046
642,40968451,41060260,91809
643,41067933,41162797,94864
644,41170942,41266943,96001
645,41275180,41371034,95854
646,41379234,41474877,95643
647,41483159,41579128,95969
648,41587373,41684322,96949
649,41692597,41789465,96868
650,41797708,41894942,97234
651,41903189,42000391,97202
652,42008608,42109479,100871
653,42118067,42220860,102793
654,42229190,42324297,95107
655,42331893,42430237,98344
656,42438412,42536679,98267
657,42544964,42643369,98405
658,42651566,42749895,98329
659,42758165,42856673,98508
660,42864867,42964450,99583
661,42972720,43071926,99206
662,43080128,43180503,100375
663,43188715,43289573,100858
664,43297853,43426094,128241
665,43438508,43539128,100620
666,43547604,43648254,100650
667,43656676,43757472,100796
668,43765712,43869294,103582
669,43877779,43978750,100971
670,43987042,44084904,97862
671,44092624,44193881,101257
672,44202143,44303428,101285
673,44311672,44412861,101189
674,44421114,44523543,102429
675,44531753,44633934,102181
676,44642144,44744430,102286
677,44752685,44854942,102257
678,44863194,44966618,103424
679,44974913,45078102,103189
680,45086437,45189863,103426
681,45198118,45301618,103500
682,45309940,45413555,103615
683,45421807,45527534,105727
684,45535877,45640915,105038
685,45649142,45753549,104407
686,45761829,45869676,107847
687,45878166,45986803,108637
688,45995434,46100151,104717
689,46108406,46213101,104695
690,46221463,46326314,104851
691,46334638,46439920,105282
692,46448189,46554696,106507
693,46563001,46669242,106241
694,46677537,46783512,105975
695,46791895,46897943,106048
696,46906315,47012356,106041
697,47020643,47129157,108514
698,47137487,47309771,172284
699,47320527,47428023,107496
700,47436335,47543201,106866
701,47551455,47658220,106765
702,47666425,47774317,107892
703,47782537,47889818,107281
704,47898000,48005795,107795
705,48013949,48121579,107630
706,48129660,48238924,109264
707,48247143,48354908,107765
708,48363115,48471291,108176
709,48479563,48587633,108070
710,48595811,48705119,109308
711,48713374,48822061,108687
712,48830288,48941516,111228
713,48949868,49058500,108632
714,49066652,49175700,109048
715,49183914,49292789,108875
716,49301014,49409901,108887
717,49418153,49527304,109151
718,49535531,49648253,112722
719,49656645,49766099,109454
720,49774371,49884795,110424
721,49893032,50007117,114085
722,50015717,50126326,110609
723,50134451,50245072,110621
724,50253267,50363650,110383
725,50371955,50482832,110877
726,50491054,50603793,112739
727,50612056,50723076,111020
728,50731395,50843044,111649
729,50851304,50963149,111845
730,50971481,51083360,111879
731,51091618,51203753,112135
732,51212008,51396107,184099
733,51406928,51519213,112285
734,51527558,51640929,113371
735,51649226,51762539,113313
736,51770801,51884109,113308
737,51892331,52005710,113379
738,52013989,52127743,113754
739,52135933,52249439,113506
740,52257643,52376259,118616
741,52384722,52499370,114648
742,52507522,52622399,114877
743,52630679,52745347,114668
744,52753657,52869714,116057
745,52877941,52996758,118817
746,53005138,53121618,116480
747,53129888,53245947,116059
748,53254260,53374269,120009
749,53390608,53507183,116575
750,53515872,53632623,116751
751,53640975,53757288,116313
752,53765605,53885416,119811
753,53893586,54014900,121314
754,54023360,54140708,117348
755,54148915,54266563,117648
756,54274868,54392466,117598
757,54400731,54518269,117538
758,54526529,54645132,118603
759,54653402,54772386,118984
760,54780676,54899254,118578
761,54907476,55026159,118683
762,55034439,55154152,119713
763,55162362,55298955,136593
764,55310848,55431504,120656
765,55439919,55559825,119906
766,55568055,55690878,122823
767,55699253,55819049,119796
768,55827131,55947363,120232
769,55955482,56078977,123495
770,56087184,56208927,121743
771,56217102,56338404,121302
772,56346638,56468111,121473
773,56476385,56597665,121280
774,56605884,56728673,122789
775,56736922,56859222,122300
776,56867471,56990397,122926
777,56998725,57124623,125898
778,57132998,57256217,123219
779,57264406,57388878,124472
780,57397163,57520580,123417
781,57528722,57651986,123264
782,57660151,57782894,122743
783,57791166,57917307,126141
784,57925604,58052490,126886
785,58061243,58184407,123164
786,58192727,58316159,123432
787,58324436,58447683,123247
788,58455890,58580420,124530
789,58588777,58713620,124843
790,58721855,58846793,124938
791,58855088,58980091,125003
792,58988434,59115059,126625
793,59123388,59330781,207393
794,59344932,59471096,126164
795,59479624,59604930,125306
796,59613165,59738294,125129
797,59746558,59874922,128364
798,59883174,60009847,126673
799,60018129,60144423,126294
800,60152663,60279292,126629
801,60287462,60413834,126372
802,60422073,60548548,126475
803,60556735,60683547,126812
804,60691742,60818399,126657
805,60826621,60955426,128805
806,60963731,61093285,129554
807,61101570,61228653,127083
808,61236833,61366137,129304
809,61374346,61500836,126490
810,61509088,61637058,127970
811,61645235,61773010,127775
812,61781197,61910165,128968
813,61918387,62047247,128860
814,62055469,62184730,129261
815,62192950,62326734,133784
816,62335270,62464263,128993
817,62472390,62601854,129464
818,62610091,62741885,131794
819,62750050,62882333,132283
820,62890455,63019962,129507
821,63028169,63157748,129579
822,63238476,63369949,131473
823,63380189,63511021,130832
824,63519336,63651569,132233
825,63659794,63792012,132218
826,63800236,63932497,132261
827,63940672,64072860,132188
828,64080994,64217510,136516
829,64225795,64359223,133428
830,64367405,64504788,137383
831,64513218,64648153,134935
832,64656357,64791182,134825
833,64799406,64934266,134860
834,64942533,65080588,138055
835,65088887,65226614,137727
836,65234928,65369956,135028
837,65378306,65513215,134909
838,65521452,65656277,134825
839,65664559,65799431,134872
840,65807688,65943836,136148
841,65952050,66088213,136163
842,66096457,66234304,137847
843,66242478,66384204,141726
844,66392579,66532729,140150
845,66541302,66677820,136518
846,66685917,66822285,136368
847,66830542,66966938,136396
848,66975210,67111568,136358
849,67119790,67333160,213370
850,67345479,67485857,140378
851,67494307,67631284,136977
852,67639538,67776628,137090
853,67784958,67921652,136694
854,67929884,68067951,138067
855,68076253,68217012,140759
856,68225299,68363709,138410
857,68371947,68512898,140951
858,68521273,68660911,139638
859,68669181,68808514,139333
860,68816758,68957534,140776
861,68965847,69110422,144575
862,69118802,69259801,140999
863,69268088,69411711,143623
864,69420053,69562303,142250
865,69570565,69712687,142122
866,69720974,69863266,142292
867,69871473,70015783,144310
868,70024062,70166583,142521
869,70174872,70320447,145575
870,70328795,70471287,142492
871,70479607,70622105,142498
872,70630400,70773075,142675
873,70781310,70927952,146642
874,70936666,71079579,142913
875,71087834,71303306,215472
876,71314447,71457729,143282
877,71466172,71609138,142966
878,71617395,71761565,144170
879,71769799,71916479,146680
880,71924909,72072008,147099
881,72080283,72224685,144402
882,72233070,72378861,145791
883,72387133,72532329,145196
884,72540589,72687339,146750
885,72695642,72842635,146993
886,72850872,73000602,149730
887,73008947,73159311,150364
888,73167678,73315814,148136
889,73324032,73471839,147807
890,73480109,73628220,148111
891,73647083,73798810,151727
892,73807448,73955767,148319
893,73964102,74112413,148311
894,74120728,74269290,148562
895,74277615,74428751,151136
896,74436940,74585650,148710
897,74593955,74742460,148505
898,74750830,74899359,148529
899,74907624,75055793,148169
900,75064050,75288072,224022
901,75299427,75450923,151496
902,75459291,75608677,149386
903,75616987,75766409,149422
904,75774759,75923962,149203
905,75932224,76084749,152525
906,76093056,76242655,149599
907,76250880,76400455,149575
908,76408682,76559429,150747
909,76567729,76718123,150394
910,76726290,76879721,153431
911,76888031,77038723,150692
912,77047020,77202331,155311
913,77210716,77364957,154241
914,77373317,77525593,152276
915,77533802,77689218,155416
916,77697473,77850025,152552
917,77858349,78010728,152379
918,78019015,78171246,152231
919,78179528,78335263,155735
920,78343595,78497462,153867
921,78505715,78659274,153559
922,78667606,78821265,153659
923,78829462,78983370,153908
924,78991589,79150742,159153
925,79159041,79332085,173044
926,79343953,79498161,154208
927,79506617,79660865,154248
928,79669227,79831785,162558
929,79840446,79994802,154356
930,80003162,80158831,155669
931,80167086,80322321,155235
932,80330596,80489047,158451
933,80497294,80653015,155721
934,80661320,80817032,155712
935,80825307,80981479,156172
936,80989744,81148072,158328
937,81156334,81318268,161934
938,81326794,81483884,157090
939,81492173,81649416,157243
940,81657708,81814828,157120
941,81823163,81983150,159987
942,81991335,82149953,158618
943,82158218,82316746,158528
944,82325111,82483808,158697
945,82492052,82653022,160970
946,82661367,82820283,158916
947,82828531,82989377,160846
948,82997634,83172028,174394
949,83182811,83347402,164591
950,83355972,83516505,160533
951,83524890,83685250,160360
952,83693718,83854103,160385
953,83862398,84025678,163280
954,84034113,84199453,165340
955,84208108,84370125,162017
956,84378490,84540346,161856
957,84548759,84713377,164618
958,84721732,84885773,164041
959,84894108,85055844,161736
960,85064239,85229201,164962
961,85237583,85399312,161729
962,85407754,85573224,165470
963,85581687,85743904,162217
964,85752181,85918584,166403
965,85927019,86089399,162380
966,86097716,86259888,162172
967,86268243,86430115,161872
968,86438427,86604699,166272
969,86612996,86778992,165996
970,86787437,86951411,163974
971,86959709,87126221,166512
972,87134536,87313701,179165
973,87324326,87489736,165410
974,87498159,87663481,165322
975,87671831,87841313,169482
976,87849733,88015108,165375
977,88023458,88188462,165004
978,88196811,88363154,166343
979,88371416,88541046,169630
980,88549386,88722388,173002
981,88731059,88898273,167214
982,88906611,89077682,171071
983,89086172,89253301,167129
984,89261676,89430471,168795
985,89438783,89610330,171547
986,89618745,89790435,171690
987,89798860,89967257,168397
988,89975582,90143493,167911
989,90151843,90322671,170828
990,90331021,90499583,168562
991,90507960,90678595,170635
992,90687088,90860151,173063
993,90868453,91038735,170282
994,91046917,91233305,186388
995,91245043,91418981,173938
996,91427371,91597634,170263
997,91606029,91776060,170031
998,91784265,91955774,171509
999,91963951,92138899,174948
1000,92147261,92319064,171803
1001,92327364,92499359,171995
1002,92507619,92684444,176825
1003,92692944,92864827,171883
1004,92873131,93045182,172051
1005,93053422,93232790,179368
1006,93241425,93413945,172520
1007,93422390,93594724,172334
1008,93603086,93778380,175294
1009,93786720,93959274,172554
1010,93967606,94144827,177221
1011,94153307,94330051,176744
1012,94338494,94515003,176509
1013,94523315,94697471,174156
1014,94705766,94881407,175641
1015,94889792,95068374,178582
1016,95076724,95266612,189888
1017,95277190,95453180,175990
1018,95461442,95640301,178859
1019,95648564,95824163,175599
1020,95832340,96009247,176907
1021,96017414,96197717,180303
1022,96205871,96384711,178840
1023,96392903,96573920,181017
1024,96582282,96764294,182012
1025,96772521,96951549,179028
1026,96959696,97141274,181578
1027,97149646,97328756,179110
1028,97337021,97515963,178942
1029,97524125,97706400,182275
1030,97714708,97897562,182854
1031,97914016,98093830,179814
1032,98102624,98291988,189364
1033,98300333,98481097,180764
1034,98489329,98671501,182172
1035,98679881,98865229,185348
1036,98873571,99055884,182313
1037,99064134,99260009,195875
1038,99270599,99456026,185427
1039,99464391,99646907,182516
1040,99655194,99838998,183804
1041,99847180,100034121,186941
1042,100042373,100226363,183990
1043,100234595,100423781,189186
1044,100432329,100616354,184025
1045,100624686,100808647,183961
1046,100816935,101004039,187104
1047,101012361,101196355,183994
1048,101204673,101388725,184052
1049,101397032,101583690,186658
1050,101592030,101777405,185375
1051,101785697,101974302,188605
1052,101982702,102170052,187350
1053,102178369,102367794,189425
1054,102376237,102570711,194474
1055,102579351,102769966,190615
1056,102778256,102965761,187505
1057,102974051,103180374,206323
1058,103191926,103380080,188154
1059,103388415,103578589,190174
1060,103586969,103774742,187773
1061,103782994,103970708,187714
1062,103978900,104172454,193554
1063,104180714,104372241,191527
1064,104380435,104573827,193392
1065,104581954,104772584,190630
1066,104780816,104971361,190545
1067,104979686,105173546,193860
1068,105181798,105372483,190685
1069,105380703,105574618,193915
1070,105583021,105775703,192682
1071,105783986,105976447,192461
1072,105984665,106180154,195489
1073,106188368,106383048,194680
1074,106391270,106587180,195910
1075,106595282,106787909,192627
1076,106796174,106989014,192840
1077,106997297,107209804,212507
1078,107220752,107417585,196833
1079,107426235,107622055,195820
1080,107630561,107823636,193075
1081,107831776,108024726,192950
1082,108032863,108228758,195895
1083,108236908,108432552,195644
1084,108440764,108637143,196379
1085,108645333,108838817,193484
1086,108847044,109040509,193465
1087,109048630,109244751,196121
1088,109253031,109447851,194820
1089,109455963,109653742,197779
1090,109662037,109857045,195008
1091,109865177,110060318,195141
1092,110068570,110268033,199463
1093,110276193,110474772,198579
1094,110482971,110684370,201399
1095,110692527,110890660,198133
1096,110898874,111099420,200546
1097,111107640,111317228,209588
1098,111328104,111527585,199481
1099,111535940,111741703,205763
1100,111749923,111949873,199950
1101,111958045,112164044,205999
1102,112172637,112372657,200020
1103,112380869,112585989,205120
1104,112594429,112796103,201674
1105,112804242,113008903,204661
1106,113017210,113218799,201589
1107,113226966,113428805,201839
1108,113437017,113641626,204609
1109,113649765,113851780,202015
1110,113859957,114068039,208082
1111,114076186,114279285,203099
1112,114287507,114496318,208811
1113,114504751,114707748,202997
1114,114715842,114921967,206125
1115,114930252,115133386,203134
1116,115158674,115365758,207084
1117,115374665,115578326,203661
1118,115586713,115791442,204729
1119,115799712,116007585,207873
1120,116015875,116221145,205270
1121,116229375,116442353,212978
1122,116450728,116658198,207470
1123,116666603,116874728,208125
1124,116883110,117093585,210475
1125,117102125,117311713,209588
1126,117320086,117526862,206776
1127,117535129,117745100,209971
1128,117753402,117960416,207014
1129,117968671,118178868,210197
1130,118187213,118395736,208523
1131,118404015,118617838,213823
1132,118626291,118834984,208693
1133,118843269,119052080,208811
1134,119060342,119286106,225764
1135,119296641,119506021,209380
1136,119514325,119726409,212084
1137,119734626,119943936,209310
1138,119952130,120164199,212069
1139,120172406,120381548,209142
1140,120389730,120602342,212612
1141,120610585,120822628,212043
1142,120830853,121046883,216030
1143,121055163,121264761,209598
1144,121272948,121485701,212753
1145,121493976,121703624,209648
1146,121711913,121927871,215958
1147,121936512,122146561,210049
1148,122154688,122367285,212597
1149,122375555,122585481,209926
1150,122593783,122808984,215201
1151,122817247,123027331,210084
1152,123035415,123263088,227673
1153,123273583,123485464,211881
1154,123493809,123707299,213490
1155,123715586,123932098,216512
1156,123940245,124153749,213504
1157,124161911,124378248,216337
1158,124386447,124600330,213883
1159,124616461,124835910,219449
1160,124844839,125058652,213813
1161,125066801,125283598,216797
1162,125291791,125508806,217015
1163,125517209,125734146,216937
1164,125742414,125958244,215830
1165,125966453,126184541,218088
1166,126192796,126408486,215690
1167,126416688,126634969,218281
1168,126643231,126858896,215665
1169,126867098,127091271,224173
1170,127100062,127332250,232188
1171,127343725,127562152,218427
1172,127570431,127787883,217452
1173,127796140,128016456,220316
1174,128024648,128241829,217181
1175,128249928,128470222,220294
1176,128478376,128695940,217564
1177,128704032,128924571,220539
1178,128932733,129152873,220140
1179,129161216,129382020,220804
1180,129390202,129608316,218114
1181,129616355,129837069,220714
1182,129845274,130071135,225861
1183,130079696,130299137,219441
1184,130307407,130529587,222180
1185,130537819,130757210,219391
1186,130765392,130987813,222421
1187,130996098,131231490,235392
1188,131241967,131466561,224594
1189,131475014,131696192,221178
1190,131704459,131932608,228149
1191,131941239,132162625,221386
1192,132170917,132394481,223564
1193,132402841,132624192,221351
1194,132632481,132858456,225975
1195,132866788,133089813,223025
1196,133098050,133326982,228932
1197,133335234,133558161,222927
1198,133566265,133791899,225634
1199,133800136,134022825,222689
1200,134031095,134256793,225698
1201,134265078,134488213,223135
1202,134496478,134724074,227596
1203,134732346,134963287,230941
1204,134971828,135210229,238401
1205,135220784,135450868,230084
1206,135459264,135684403,225139
1207,135692671,135921324,228653
1208,135929629,136154909,225280
1209,136163119,136391509,228390
1210,136399841,136625269,225428
1211,136633471,136862448,228977
1212,136870695,137100040,229345
1213,137108513,137336858,228345
1214,137345210,137577713,232503
1215,137586025,137813533,227508
1216,137821775,138052075,230300
1217,138060415,138288066,227651
1218,138296413,138528239,231826
1219,138536621,138765781,229160
1220,138774071,139006059,231988
1221,139014372,139259987,245615
1222,139271605,139504165,232560
1223,139512578,139745316,232738
1224,139753503,139989889,236386
1225,139998147,140231829,233682
1226,140240134,140470943,230809
1227,140479197,140713374,234177
1228,140721724,140952795,231071
1229,140960990,141194978,233988
1230,141203221,141435994,232773
1231,141444243,141679202,234959
1232,141687446,141926898,239452
1233,141935188,142173256,238068
1234,142181764,142419476,237712
1235,142427641,142662083,234442
1236,142670322,142908416,238094
1237,142916698,143165321,248623
1238,143175784,143415220,239436
1239,143423568,143662551,238983
1240,143670808,143906799,235991
1241,143914981,144157003,242022
1242,144165499,144401893,236394
1243,144409935,144652428,242493
1244,144660736,144900408,239672
1245,144908700,145145074,236374
1246,145153291,145392853,239562
1247,145401105,145637452,236347
1248,145645649,145885276,239627
1249,145893493,146130449,236956
1250,146138588,146382425,243837
1251,146390800,146632377,241577
1252,146640594,146879146,238552
1253,146887333,147141818,254485
1254,147152365,147395062,242697
1255,147403743,147645640,241897
1256,147653890,147895665,241775
1257,147903954,148142855,238901
1258,148151092,148392979,241887
1259,148401216,148642595,241379
1260,148651005,148894436,243431
1261,148902708,149146565,243857
1262,149154925,149398938,244013
1263,149407303,149651012,243709
1264,149659419,149900435,241016
1265,149908652,150152501,243849
1266,150160764,150404322,243558
1267,150412660,150653683,241023
1268,150661922,150908052,246130
1269,150916385,151172909,256524
1270,151184329,151428930,244601
1271,151437330,151681568,244238
1272,151689830,151931357,241527
1273,151939511,152184042,244531
1274,152192264,152433949,241685
1275,152442051,152690499,248448
1276,152698926,152945638,246712
1277,152953935,153195622,241687
1278,153203726,153450204,246478
1279,153458544,153701727,243183
1280,153709914,153957809,247895
1281,153966046,154216887,250841
1282,154225284,154470545,245261
1283,154478759,154727598,248839
1284,154735873,154985790,249917
1285,154994059,155256962,262903
1286,155267622,155517544,249922
1287,155533216,155780827,247611
1288,155789546,156039502,249956
1289,156047812,156298162,250350
1290,156306407,156555213,248806
1291,156563455,156815662,252207
1292,156823927,157077435,253508
1293,157085712,157339052,253340
1294,157347409,157600849,253440
1295,157609049,157866405,257356
1296,157874916,158125827,250911
1297,158134072,158388053,253981
1298,158396368,158648926,252558
1299,158657210,158912853,255643
1300,158921138,159194540,273402
1301,159205153,159458097,252944
1302,159466389,159727134,260745
1303,159735727,159992721,256994
1304,160001096,160257099,256003
1305,160265319,160524678,259359
1306,160532807,160791540,258733
1307,160799812,161056016,256204
1308,161064188,161325058,260870
1309,161333325,161593852,260527
1310,161602132,161862258,260126
1311,161870548,162131142,260594
1312,162139389,162399984,260595
1313,162408234,162666600,258366
1314,162674790,162935665,260875
1315,162943885,163225489,281604
1316,163237403,163495962,258559
1317,163504295,163765666,261371
1318,163773928,164041008,267080
1319,164049376,164308138,258762
1320,164316225,164579531,263306
1321,164587778,164850967,263189
1322,164859261,165121357,262096
1323,165129554,165394684,265130
1324,165402901,165668170,265269
1325,165676437,165941642,265205
1326,165949975,166212411,262436
1327,166220606,166488102,267496
1328,166496447,166763148,266701
1329,166771441,167035566,264125
1330,167043773,167325195,281422
1331,167335675,167603126,267451
1332,167611511,167875699,264188
1333,167883898,168150981,267083
1334,168159163,168430423,271260
1335,168439021,168705950,266929
1336,168714112,168981711,267599
1337,168989833,169260467,270634
1338,169268834,169536277,267443
1339,169544680,169809474,264794
1340,169817737,170085375,267638
1341,170093748,170361384,267636
1342,170369754,170634529,264775
1343,170642831,170913264,270433
1344,170921611,171203138,281527
1345,171213706,171478711,265005
1346,171486978,171754903,267925
1347,171763118,172031571,268453
1348,172039893,172307988,268095
1349,172316258,172581473,265215
1350,172589818,172858109,268291
1351,172866441,173136987,270546
1352,173145465,173411129,265664
1353,173419296,173688067,268771
1354,173696312,173968309,271997
1355,173976967,174245906,268939
1356,174254239,174522802,268563
1357,174531062,174799791,268729
1358,174808033,175073928,265895
1359,175082150,175367210,285060
1360,175378645,175650256,271611
1361,175658912,175927909,268997
1362,175936289,176204223,267934
1363,176212593,176483467,270874
1364,176491762,176762759,270997
1365,176771124,177039547,268423
1366,177047799,177318721,270922
1367,177326951,177597847,270896
1368,177606154,177878377,272223
1369,177886752,178159703,272951
1370,178167943,178440942,272999
1371,178449199,178722386,273187
1372,178730679,179001129,270450
1373,179009341,179304230,294889
1374,179315229,179598415,283186
1375,179606940,179879175,272235
1376,179887382,180164609,277227
1377,180172944,180447960,275016
1378,180456260,180731184,274924
1379,180739666,181011836,272170
1380,181020096,181297390,277294
1381,181305707,181580726,275019
1382,181589074,181865935,276861
1383,181874355,182148554,274199
1384,182156691,182436118,279427
1385,182444345,182721457,277112
1386,182729611,183003650,274039
1387,183011907,183302488,290581
1388,183312953,183590283,277330
1389,183598690,183875837,277147
1390,183884232,184158722,274490
1391,184167007,184448251,281244
1392,184456641,184739995,283354
1393,184748698,185026396,277698
1394,185034533,185309191,274658
1395,185317516,185595268,277752
1396,185603586,185881329,277743
1397,185889626,186164595,274969
1398,186172774,186450372,277598
1399,186458531,186736380,277849
1400,186744612,187026317,281705
1401,187034566,187327688,293122
1402,187339487,187620267,280780
1403,187628639,187908452,279813
1404,187916707,188197695,280988
1405,188205930,188483387,277457
1406,188491551,188771856,280305
1407,188780045,189120302,340257
1408,189129499,189412317,282818
1409,189425405,189724981,299576
1410,189741134,190032615,291481
1411,190045994,190342898,296904
1412,190354987,190641656,286669
1413,190654597,190944306,289709
1414,190958116,191267415,309299
1415,191293592,191576893,283301
1416,191585787,191869266,283479
1417,191877614,192160078,282464
1418,192168185,192450899,282714
1419,192459104,192741694,282590
1420,192750008,193029819,279811
1421,193037931,193320746,282815
1422,193328890,193667418,338528
1423,193675828,193959004,283176
1424,193967379,194251199,283820
1425,194259459,194546444,286985
1426,194554653,194842545,287892
1427,194851018,195153019,302001
1428,195164369,195448161,283792
1429,195456516,195745513,288997
1430,195753745,196048737,294992
1431,196057473,196346184,288711
1432,196354424,196642186,287762
1433,196650443,196938746,288303
1434,196946908,197237139,290231
1435,197245436,197535704,290268
1436,197544026,197831585,287559
1437,197839825,198130158,290333
1438,198138455,198428951,290496
1439,198437258,198727646,290388
1440,198735939,199030599,294660
1441,199038967,199345779,306812
1442,199357690,199650479,292789
1443,199658851,199951495,292644
1444,199959732,200255197,295465
1445,200263509,200556110,292601
1446,200564277,200854087,289810
1447,200862421,201155513,293092
1448,201163693,201460978,297285
1449,201469420,201767655,298235
1450,201776421,202068117,291696
1451,202076369,202371235,294866
1452,202379500,202676176,296676
1453,202684453,202980983,296530
1454,202989240,203301811,312571
1455,203312615,203608691,296076
1456,203616974,203917611,300637
1457,203926071,204224717,298646
1458,204233054,204531757,298703
1459,204539922,204838805,298883
1460,204847062,205144896,297834
1461,205153105,205457329,304224
1462,205465669,205766888,301219
1463,205775112,206078379,303267
1464,206086761,206387870,301109
1465,206396117,206697354,301237
1466,206705596,207003800,298204
1467,207012017,207330510,318493
1468,207341449,207643196,301747
1469,207651534,207952740,301206
1470,207961113,208262284,301171
1471,208270604,208571249,300645
1472,208579629,208882777,303148
1473,208891007,209194253,303246
1474,209202508,209505353,302845
1475,209513653,209816454,302801
1476,209824701,210124649,299948
1477,210132854,210435892,303038
1478,210444124,210750894,306770
1479,210759261,211064753,305492
1480,211072978,211392560,319582
1481,211404238,211707662,303424
1482,211716140,212018662,302522
1483,212026874,212332128,305254
1484,212340323,212647874,307551
1485,212656119,212967890,311771
1486,212976544,213286561,310017
1487,213294898,213602214,307316
1488,213610427,213916810,306383
1489,213925063,214234564,309501
1490,214242886,214554497,311611
1491,214562845,214873910,311065
1492,214882260,215208423,326163
1493,215219041,215530119,311078
1494,215538444,215854057,315613
1495,215862607,216176198,313591
1496,216184516,216497696,313180
1497,216505958,216819769,313811
1498,216828052,217140873,312821
1499,217149151,217462732,313581
1500,217471019,217786409,315390
1501,217794691,218112380,317689
1502,218120820,218433599,312779
1503,218441896,218760935,319039
1504,218769586,219085437,315851
1505,219093770,219424344,330574
1506,219434979,219750537,315558
1507,219758850,220130559,371709
1508,220139328,220455259,315931
1509,220463574,220782142,318568
1510,220790444,221103780,313336
1511,221112240,221428720,316480
1512,221437100,221759377,322277
1513,221767990,222086606,318616
1514,222095098,222414666,319568
1515,222423733,222742456,318723
1516,222750743,223071855,321112
1517,223080290,223475019,394729
1518,223493077,223855931,362854
1519,223871791,224192251,320460
1520,224201340,224519785,318445
1521,224528206,224853392,325186
1522,224862215,225181512,319297
1523,225190005,225509102,319097
1524,225517810,225842874,325064
1525,225852025,226174074,322049
1526,226183196,226501448,318252
1527,226509835,226867241,357406
1528,226890466,227262612,372146
1529,227278646,227639973,361327
1530,227655580,227978373,322793
1531,227987505,228311824,324319
1532,228320475,228643651,323176
1533,228651896,228974719,322823
1534,228983154,229303461,320307
1535,229311818,229635198,323380
1536,229643468,229966408,322940
1537,229974723,230298286,323563
1538,230306575,230636242,329667
1539,230645048,230970961,325913
1540,230979168,231343443,364275
1541,231354614,231678197,323583
1542,231686629,232010237,323608
1543,232031207,232355178,323971
1544,232363658,232689701,326043
1545,232697785,233022673,324888
1546,233030855,233359161,328306
1547,233367567,233692547,324980
1548,233700885,234026502,325617
1549,234034799,234360880,326081
1550,234369192,234697235,328043
1551,234705563,235033295,327732
1552,235041695,235515616,473921
1553,235527928,235858324,330396
1554,235866887,236193562,326675
1555,236201794,236531671,329877
1556,236539896,236876610,336714
1557,236885326,237215684,330358
1558,237223971,237554127,330156
1559,237562562,237892863,330301
1560,237901275,238238849,337574
1561,238247529,238580359,332830
1562,238588967,238921638,332671
1563,238930364,239296127,365763
1564,239307189,239639434,332245
1565,239647659,239979909,332250
1566,239988164,240317889,329725
1567,240326249,240659131,332882
1568,240667631,241004274,336643
1569,241012504,241347413,334909
1570,241355916,241690435,334519
1571,241698882,242033681,334799
1572,242042044,242378647,336603
1573,242386885,242727500,340615
1574,242736243,243149164,412921
1575,243160321,243500127,339806
1576,243508650,243848506,339856
1577,243856976,244193795,336819
1578,244202072,244538788,336716
1579,244547116,244884158,337042
1580,244892513,245231274,338761
1581,245239601,245575205,335604
1582,245583472,245924814,341342
1583,245933134,246272657,339523
1584,246280884,246621622,340738
1585,246629910,246971021,341111
1586,246979371,247361030,381659
1587,247372833,247715924,343091
1588,247724432,248065358,340926
1589,248073663,248417549,343886
1590,248426082,248771509,345427
1591,248780230,249121655,341425
1592,249130072,249474865,344793
1593,249483298,249825114,341816
1594,249833489,250174828,341339
1595,250183181,250524724,341543
1596,250533081,250877225,344144
1597,250885475,251256899,371424
1598,251267502,251611991,344489
1599,251620266,251964117,343851
1600,251972444,252316230,343786
1601,252324592,252668741,344149
1602,252677033,253022952,345919
1603,253031314,253379505,348191
1604,253388086,253731433,343347
1605,253739840,254085626,345786
1606,254093968,254439979,346011
1607,254448359,254797482,349123
1608,254806130,255298972,492842
1609,255309792,255661191,351399
1610,255669541,256019822,350281
1611,256028027,256380882,352855
1612,256389109,256739906,350797
1613,256748161,257098577,350416
1614,257106847,257459250,352403
1615,257467513,257819854,352341
1616,257828148,258180530,352382
1617,258188814,258541115,352301
1618,258549372,258903979,354607
1619,258912366,259359687,447321
1620,259371788,259726442,354654
1621,259734852,260089185,354333
1622,260097493,260453743,356250
1623,260462048,260822493,360445
1624,260831101,261190885,359784
1625,261199282,261559019,359737
1626,261567293,261924240,356947
1627,261932583,262289527,356944
1628,262297867,262657195,359328
1629,262665577,263024915,359338
1630,263033235,263470376,437141
1631,263481249,263840632,359383
1632,263848979,264211131,362152
1633,264219599,264581631,362032
1634,264589908,264949095,359187
1635,264957360,265316294,358934
1636,265324534,265683338,358804
1637,265691555,266050402,358847
1638,266058659,266419783,361124
1639,266428060,266794861,366801
1640,266803391,267240597,437206
1641,267251694,267616662,364968
1642,267625105,267986663,361558
1643,267995058,268356684,361626
1644,268365074,268726644,361570
1645,268735032,269099191,364159
1646,269107649,269470019,362370
1647,269478314,269840267,361953
1648,269848562,270210767,362205
1649,270219064,270581051,361987
1650,270589338,270951284,361946
1651,270959559,271338272,378713
1652,271350138,271715415,365277
1653,271724003,272086651,362648
1654,272095016,272461005,365989
1655,272469392,272831950,362558
1656,272840263,273207003,366740
1657,273215711,273578567,362856
1658,273586847,273951856,365009
1659,273960143,274327352,367209
1660,274335750,274700658,364908
1661,274708970,275124871,415901
1662,275136343,275501667,365324
1663,275510135,275874776,364641
1664,275883123,276250209,367086
1665,276258381,276625437,367056
1666,276633699,277002978,369279
1667,277011223,277378069,366846
1668,277386311,277755472,369161
1669,277763774,278133281,369507
1670,278141539,278516318,374779
1671,278534674,278906174,371500
1672,278914859,279364297,449438
1673,279375546,279752852,377306
1674,279761355,280132852,371497
1675,280141209,280512866,371657
1676,280521236,280892986,371750
1677,280901353,281272815,371462
1678,281281185,281652627,371442
1679,281660939,282034628,373689
1680,282043081,282414906,371825
1681,282423261,282795068,371807
1682,282803376,283253039,449663
1683,283264990,283637316,372326
1684,283645769,284021135,375366
1685,284029570,284401024,371454
1686,284409326,284783915,374589
1687,284792328,285164489,372161
1688,285172821,285549478,376657
1689,285558143,285930266,372123
1690,285938561,286310825,372264
1691,286319125,286694293,375168
1692,286702663,287089123,386460
1693,287099883,287475114,375231
1694,287483494,287858266,374772
1695,287866578,288241506,374928
1696,288249996,288624665,374669
1697,288632857,289007747,374890
1698,289016012,289393245,377233
1699,289401572,289781810,380238
1700,289790245,290171502,381257
1701,290179752,290558386,378634
1702,290566678,290945525,378847
1703,290953905,291346429,392524
1704,291357095,291742670,385575
1705,291751373,292133212,381839
1706,292141359,292523408,382049
1707,292531899,292911362,379463
1708,292919584,293299045,379461
1709,293307277,293686550,379273
1710,293694752,294076315,381563
1711,294084630,294465980,381350
1712,294474192,294856016,381824
1713,294864298,295264834,400536
1714,295276475,295661774,385299
1715,295670332,296052560,382228
1716,296060947,296443453,382506
1717,296451750,296836401,384651
1718,296844583,297227176,382593
1719,297235531,297617881,382350
1720,297626359,298014783,388424
1721,298023567,298405964,382397
1722,298414294,298798749,384455
1723,298807182,299205761,398579
1724,299216527,299602946,386419
1725,299611276,299998596,387320
1726,300006893,300393859,386966
1727,300402172,300791749,389577
1728,300800267,301190390,390123
1729,301198768,301588789,390021
1730,301597249,301984396,387147
1731,301992771,302380007,387236
1732,302388392,302775599,387207
1733,302783929,303187084,403155
1734,303197927,303587620,389693
1735,303595982,303985444,389462
1736,303993794,304387276,393482
1737,304395934,304784975,389041
1738,304793280,305186070,392790
1739,305194448,305584025,389577
1740,305592332,305984198,391866
1741,305992560,306382215,389655
1742,306390520,306782380,391860
1743,306790778,307199032,408254
1744,307210860,307605790,394930
1745,307614220,308006529,392309
1746,308014791,308411887,397096
1747,308420299,308812418,392119
1748,308820788,309215169,394381
1749,309223594,309617742,394148
1750,309626183,310020576,394393
1751,310029007,310427094,398087
1752,310435838,310830206,394368
1753,310838619,311249743,411124
1754,311260338,311660070,399732
1755,311668530,312065445,396915
1756,312073930,312470707,396777
1757,312479095,312875771,396676
1758,312884136,313284269,400133
1759,313292732,313689484,396752
1760,313697711,314098981,401270
1761,314107213,314506905,399692
1762,314515139,314930406,415267
1763,314941119,315340793,399674
1764,315349145,315748679,399534
1765,315757071,316156379,399308
1766,316164644,316566679,402035
1767,316575121,316978574,403453
1768,316987280,317387899,400619
1769,317396349,317799216,402867
1770,317807698,318207753,400055
1771,318216223,318616058,399835
1772,318624465,319040576,416111
1773,319052287,319458749,406462
1774,319467395,319867382,399987
1775,319875817,320276444,400627
1776,320284831,320687946,403115
1777,320696333,321096519,400186
1778,321104896,321507424,402528
1779,321515822,321920327,404505
1780,321928838,322331464,402626
1781,322339821,322741630,401809
1782,322749955,323175526,425571
1783,323186820,323615496,428676
1784,323630595,324115322,484727
1785,324128155,324592583,464428
1786,324605557,325013701,408144
1787,325022309,325429969,407660
1788,325438374,325845506,407132
1789,325853821,326263709,409888
1790,326272059,326681847,409788
1791,326690185,327115675,425490
1792,327126592,327538470,411878
1793,327547073,327956282,409209
1794,327964562,328373793,409231
1795,328381998,328793884,411886
1796,328802178,329211483,409305
1797,329219830,329634057,414227
1798,329642760,330052498,409738
1799,330071794,330481702,409908
1800,330490350,330916994,426644
1801,330928747,331345421,416674
1802,331354079,331766231,412152
1803,331774568,332186474,411906
1804,332194773,332606717,411944
1805,332614992,333028992,414000
1806,333037432,333452646,415214
1807,333461046,333873022,411976
1808,333881364,334293217,411853
1809,334301547,334713488,411941
1810,334721790,335147341,425551
1811,335158162,335573112,414950
1812,335581610,336002765,421155
1813,336011438,336425895,414457
1814,336434483,336849256,414773
1815,336857693,337275678,417985
1816,337284249,337698876,414627
1817,337707321,338130399,423078
1818,338138779,338554057,415278
1819,338562350,338990652,428302
1820,339001696,339472364,470668
1821,339481015,339896111,415096
1822,339904443,340319930,415487
1823,340328257,340746272,418015
1824,340754730,341174675,419945
1825,341183195,341600699,417504
1826,341609034,342026826,417792
1827,342035121,342452838,417717
1828,342461120,342885554,424434
1829,342909092,343331298,422206
1830,343343083,343763627,420544
1831,343772248,344190421,418173
1832,344198833,344619111,420278
1833,344627527,345051942,424415
1834,345060533,345480738,420205
1835,345489176,345909306,420130
1836,345917694,346337734,420040
1837,346346131,346768707,422576
1838,346776944,347211730,434786
1839,347222483,347643322,420839
1840,347651710,348072276,420566
1841,348080606,348501268,420662
1842,348509535,348930039,420504
1843,348938296,349371214,432918
1844,349380145,349801045,420900
1845,349809403,350230074,420671
1846,350238464,350659083,420619
1847,350667451,351102309,434858
1848,351113049,351539645,426596
1849,351547947,351973706,425759
1850,351982226,352406000,423774
1851,352414220,352837590,423370
1852,352845883,353272937,427054
1853,353281370,353704778,423408
1854,353713125,354136734,423609
1855,354145064,354568798,423734
1856,354577143,355019315,442172
1857,355031191,355465472,434281
1858,355474349,355898376,424027
1859,355906650,356330550,423900
1860,356338925,356762947,424022
1861,356771400,357195444,424044
1862,357203812,357635319,431507
1863,357643887,358070144,426257
1864,358078545,358504589,426044
1865,358512986,358953175,440189
1866,358963913,359394435,430522
1867,359403071,359829677,426606
1868,359838019,360291690,453671
1869,360305287,360734993,429706
1870,360743698,361172191,428493
1871,361180511,361614770,434259
1872,361623183,362059253,436070
1873,362068102,362499394,431292
1874,362507832,363016992,509160
1875,363028111,363471216,443105
1876,363479794,363913735,433941
1877,363922095,364355454,433359
1878,364363731,364799810,436079
1879,364808117,365247373,439256
1880,365255788,365694185,438397
1881,365702540,366143031,440491
1882,366151544,366589842,438298
1883,366598212,367058970,460758
1884,367070808,367509377,438569
1885,367517860,367959384,441524
1886,367967894,368406090,438196
1887,368414493,368862946,448453
1888,368871829,369310399,438570
1889,369318841,369757115,438274
1890,369765573,370206495,440922
1891,370214883,370658374,443491
1892,370666744,371179277,512533
1893,371190416,371634060,443644
1894,371642442,372083721,441279
1895,372092113,372536256,444143
1896,372544666,372985664,440998
1897,372993981,373435292,441311
1898,373443627,373888188,444561
1899,373896525,374343149,446624
1900,374351516,374792845,441329
1901,374801227,375312207,510980
1902,375322985,375776377,453392
1903,375785228,376228759,443531
1904,376237152,376680816,443664
1905,376689178,377132847,443669
1906,377141160,377590502,449342
1907,377599023,378042819,443796
1908,378051174,378497437,446263
1909,378505772,378972842,467070
1910,378984948,379431459,446511
1911,379439879,379886284,446405
1912,379894577,380343192,448615
1913,380351715,380803569,451854
1914,380811984,381260339,448355
1915,381268706,381717465,448759
1916,381725792,382181818,456026
1917,382190665,382639433,448768
1918,382647926,383171190,523264
1919,383182214,383631601,449387
1920,383640009,384091201,451192
1921,384099621,384548635,449014
1922,384557013,385006237,449224
1923,385014572,385467082,452510
1924,385475400,385927471,452071
1925,385935952,386385096,449144
1926,386393403,386859486,466083
1927,386879160,387332518,453358
1928,387341391,387790894,449503
1929,387799234,388248697,449463
1930,388257039,388716744,459705
1931,388725435,389175171,449736
1932,389183498,389635229,451731
1933,389643596,390095540,451944
1934,390103867,390560986,457119
1935,390569326,391040636,471310
1936,391052311,391509781,457470
1937,391518278,391975610,457332
1938,391984045,392439051,455006
1939,392447378,392905529,458151
1940,392913937,393372411,458474
1941,393380746,393835652,454906
1942,393844002,394300928,456926
1943,394309165,394781364,472199
1944,394792115,395247991,455876
1945,395256426,395715800,459374
1946,395724420,396180278,455858
1947,396188608,396647336,458728
1948,396655768,397113649,457881
1949,397122114,397577751,455637
1950,397586099,398050129,464030
1951,398058554,398516181,457627
1952,398524551,398997179,472628
1953,399008050,399475316,467266
1954,399483879,399946510,462631
1955,399955061,400415177,460116
1956,400423554,400886920,463366
1957,400895217,401355904,460687
1958,401364264,401825112,460848
1959,401833314,402300584,467270
1960,402309242,402788626,479384
1961,402800342,403261978,461636
1962,403270461,403731366,460905
1963,403739786,404203393,463607
1964,404211785,404672628,460843
1965,404681013,405142342,461329
1966,405150694,405620593,469899
1967,405629146,406090400,461254
1968,406098739,406560188,461449
1969,406568491,407046106,477615
1970,407056806,407518112,461306
1971,407526435,407987979,461544
1972,407996379,408462892,466513
1973,408471340,408937157,465817
1974,408945820,409410492,464672
1975,409418719,409888663,469944
1976,409897033,410361186,464153
1977,410369651,410846557,476906
1978,410857232,411327537,470305
1979,411335875,411803280,467405
1980,411811736,412278006,466270
1981,412286444,412756851,470407
1982,412765332,413231830,466498
1983,413240225,413706786,466561
1984,413715169,414187038,471869
1985,414195621,414662274,466653
1986,414670732,415153061,482329
1987,415164611,415639307,474696
1988,415648098,416117185,469087
1989,416125537,416594875,469338
1990,416603243,417077810,474567
1991,417086150,417555523,469373
1992,417563901,418033587,469686
1993,418041969,418516737,474768
1994,418525205,419010208,485003
1995,419021009,419492456,471447
1996,419500866,419977875,477009
1997,419986466,420458114,471648
1998,420466406,420943106,476700
1999,420951354,421425423,474069
2000,421433760,421910197,476437
2001,421918540,422401598,483058
2002,422410316,422902578,492262
2003,422913211,423389834,476623
2004,423398279,423880891,482612
2005,423889309,424368410,479101
2006,424376760,424859289,482529
2007,424867734,425349785,482051
2008,425358124,425839604,481480
2009,425847991,426329886,481895
2010,426338276,426833889,495613
2011,426845657,427325708,480051
2012,427334221,427819499,485278
2013,427827957,428309597,481640
2014,428317964,428801849,483885
2015,428810369,429299051,488682
2016,429307747,429789557,481810
2017,429797904,430282611,484707
2018,430291026,430789017,497991
2019,430799668,431287622,487954
2020,431296090,431785230,489140
2021,431793816,432278177,484361
2022,432286542,432774273,487731
2023,432782568,433267049,484481
2024,433275369,433760119,484750
2025,433768529,434258473,489944
2026,434266888,434765220,498332
2027,434775846,435264084,488238
2028,435272539,435759970,487431
2029,435768320,436259828,491508
2030,436268661,436762087,493426
2031,436770414,437262722,492308
2032,437271021,437767098,496077
2033,437775445,438265197,489752
2034,438273617,438779590,505973
2035,438791298,439285191,493893
2036,439293594,439841509,547915
2037,439849902,440346279,496377
2038,440354629,440845568,490939
2039,440854034,441344765,490731
2040,441353135,441849041,495906
2041,441857441,442350315,492874
2042,442358670,442868988,510318
2043,442879744,443379421,499677
2044,443388202,443881678,493476
2045,443890063,444389274,499211
2046,444397759,444890907,493148
2047,444899277,445395899,496622
2048,445404382,445897301,492919
2049,445905664,446404174,498510
2050,446412656,446920255,507599
2051,446930893,447424055,493162
2052,447432470,447928773,496303
2053,447937235,448430555,493320
2054,448438835,448939633,500798
2055,448956263,449454306,498043
2056,449463320,449958986,495666
2057,449967411,450473188,505777
2058,450481889,450997057,515168
2059,451009148,451510329,501181
2060,451518840,452018096,499256
2061,452026607,452525933,499326
2062,452534444,453030904,496460
2063,453039249,453535897,496648
2064,453544239,454045879,501640
2065,454054244,454553513,499269
2066,454561923,455080892,518969
2067,455091537,455590643,499106
2068,455599096,456101518,502422
2069,456109968,456608999,499031
2070,456617329,457126462,509133
2071,457135228,457642213,506985
2072,457650545,458152461,501916
2073,458160670,458666768,506098
2074,458675138,459190654,515516
2075,459201272,459706951,505679
2076,459715486,460218094,502608
2077,460226464,460731421,504957
2078,460739962,461245616,505654
2079,461254061,461756506,502445
2080,461764871,462269921,505050
2081,462278289,462797076,518787
2082,462808599,463320684,512085
2083,463329287,463836570,507283
2084,463844925,464358999,514074
2085,464367542,464874728,507186
2086,464883113,465390404,507291
2087,465398844,465909423,510579
2088,465917785,466427469,509684
2089,466435839,466965328,529489
2090,466976309,467488674,512365
2091,467497115,468013171,516056
2092,468021624,468533929,512305
2093,468542257,469058005,515748
2094,469066348,469581069,514721
2095,469589519,470109169,519650
2096,470117707,470630205,512498
2097,470638663,471171683,533020
2098,471182824,471695979,513155
2099,471704392,472220298,515906
2100,472228701,472746584,517883
2101,472754995,473273244,518249
2102,473281361,473796766,515405
2103,473805121,474320812,515691
2104,474329127,474864437,535310
2105,474876108,475392224,516116
2106,475400702,475921237,520535
2107,475929778,476445331,515553
2108,476453676,476975356,521680
2109,476983768,477499163,515395
2110,477507493,478030742,523249
2111,478039403,478557520,518117
2112,478565792,479101100,535308
2113,479112078,479630202,518124
2114,479638613,480162603,523990
2115,480171104,480692132,521028
2116,480700512,481224606,524094
2117,481232920,481756225,523305
2118,481764810,482288981,524171
2119,482297359,482831616,534257
2120,482842182,483369771,527589
2121,483378449,483899736,521287
2122,483908211,484434723,526512
2123,484443281,484965124,521843
2124,484973409,485501965,528556
2125,485510648,486032647,521999
2126,486041062,486565842,524780
2127,486574272,487135600,561328
2128,487147235,487675103,527868
2129,487683718,488205875,522157
2130,488214327,488741884,527557
2131,488750201,489274571,524370
2132,489282900,489815670,532770
2133,489824197,490351195,526998
2134,490359635,490985116,625481
2135,490996242,491523115,526873
2136,491531498,492061613,530115
2137,492070043,492601091,531048
2138,492609606,493142220,532614
2139,493150595,493682341,531746
2140,493690636,494222909,532273
2141,494231209,494760645,529436
2142,494783074,495318910,535836
2143,495329358,495861498,532140
2144,495869865,496407912,538047
2145,496416284,496956599,540315
2146,496965067,497504159,539092
2147,497512509,498047215,534706
2148,498055517,498593293,537776
2149,498601633,499207114,605481
2150,499219120,499763948,544828
2151,499772815,500311119,538304
2152,500319449,500855003,535554
2153,500863418,501401743,538325
2154,501410248,501948485,538237
2155,501956883,502498200,541317
2156,502506597,503109338,602741
2157,503120222,503664601,544379
2158,503673164,504211071,537907
2159,504219458,504761086,541628
2160,504769401,505307846,538445
2161,505316141,505863059,546918
2162,505871341,506412159,540818
2163,506420381,507040587,620206
2164,507051703,507595840,544137
2165,507604340,508145223,540883
2166,508153606,508697454,543848
2167,508705816,509249294,543478
2168,509257533,509801479,543946
2169,509809904,510354527,544623
2170,510362969,510923803,560834
2171,510935584,511477029,541445
2172,511485529,512032377,546848
2173,512040769,512582094,541325
2174,512590454,513135317,544863
2175,513143687,513688372,544685
2176,513696784,514242517,545733
2177,514251120,514812625,561505
2178,514823667,515368259,544592
2179,515376860,515921352,544492
2180,515929834,516474229,544395
2181,516482564,517033241,550677
2182,517041738,517586298,544560
2183,517603051,518153299,550248
2184,518161967,518723793,561826
2185,518734429,519279174,544745
2186,519287629,519835602,547973
2187,519843997,520388963,544966
2188,520397310,520947461,550151
2189,520955806,521504726,548920
2190,521513402,522062202,548800
2191,522070577,522615795,545218
2192,522624208,523247980,623772
2193,523259851,523811117,551266
2194,523819471,524367417,547946
2195,524375654,524924284,548630
2196,524932724,525478489,545765
2197,525486994,526035463,548469
2198,526043891,526589814,545923
2199,526598206,527163095,564889
2200,527173973,527720337,546364
2201,527728833,528277645,548812
2202,528286028,528836088,550060
2203,528844631,529393849,549218
2204,529402187,529953896,551709
2205,529962429,530516890,554461
2206,530525581,531090030,564449
2207,531100994,531649581,548587
2208,531658041,532213617,555576
2209,532222050,532773654,551604
2210,532781934,533339354,557420
2211,533347875,533903165,555290
2212,533911480,534463515,552035
2213,534471870,535041898,570028
2214,535053654,535608140,554486
2215,535616657,536178721,562064
2216,536187332,536744016,556684
2217,536752343,537313069,560726
2218,537321549,537878621,557072
2219,537887129,538441655,554526
2220,538450040,539020805,570765
2221,539031769,539588317,556548
2222,539596820,540160313,563493
2223,540168745,540783167,614422
2224,540792058,541349040,556982
2225,541357352,541917429,560077
2226,541925771,542482824,557053
2227,542491126,543126563,635437
2228,543137799,543695320,557521
2229,543703710,544267777,564067
2230,544276197,544836394,560197
2231,544844809,545402402,557593
2232,545410685,545973846,563161
2233,545982392,546540286,557894
2234,546548621,547125796,577175
2235,547137647,547698791,561144
2236,547707252,548265309,558057
2237,548273626,548837479,563853
2238,548845817,549406658,560841
2239,549414985,549979122,564137
2240,549987504,550681300,693796
2241,550692665,551259333,566668
2242,551268028,551834322,566294
2243,551842665,552408358,565693
2244,552416635,552986132,569497
2245,552994492,553563838,569346
2246,553572213,554138577,566364
2247,554146955,554789120,642165
2248,554800094,555368591,568497
2249,555377201,555946320,569119
2250,555954692,556523603,568911
2251,556531985,557098332,566347
2252,557106659,557678820,572161
2253,557687185,558263075,575890
2254,558271941,558949749,677808
2255,558962111,559534121,572010
2256,559542621,560112018,569397
2257,560120325,560693794,573469
2258,560702107,561276229,574122
2259,561284750,561857366,572616
2260,561865794,562438789,572995
2261,562447234,563084054,636820
2262,563094875,563667662,572787
2263,563676108,564248955,572847
2264,564257390,564829929,572539
2265,564838417,565419343,580926
2266,565428465,565998523,570058
2267,566006916,566593927,587011
2268,566604730,567180452,575722
2269,567188935,567761622,572687
2270,567769904,568351402,581498
2271,568359952,568938333,578381
2272,568946720,569522146,575426
2273,569530526,570109456,578930
2274,570117858,570762873,645015
2275,570774734,571358978,584244
2276,571367599,571948766,581167
2277,571957176,572538343,581167
2278,572546778,573131359,584581
2279,573140107,573721402,581295
2280,573729842,574310954,581112
2281,574319452,574964291,644839
2282,574975095,575559236,584141
2283,575567634,576148914,581280
2284,576157251,576741764,584513
2285,576749921,577336388,586467
2286,577344954,577926394,581440
2287,577934809,578585477,650668
2288,578596453,579186925,590472
2289,579195541,579779667,584126
2290,579788062,580379046,590984
2291,580387827,580974682,586855
2292,580983077,581570562,587485
2293,581578877,582166512,587635
2294,582174875,582800932,626057
2295,582812607,583403505,590898
2296,583412030,584004314,592284
2297,584012877,584600149,587272
2298,584608481,585201735,593254
2299,585209989,585802649,592660
2300,585810954,586404210,593256
2301,586412547,587022293,609746
2302,587033056,587626332,593276
2303,587634817,588229093,594276
2304,588237874,588831453,593579
2305,588839856,589433129,593273
2306,589441467,590037307,595840
2307,590045774,590650011,604237
2308,590660687,591254920,594233
2309,591263521,591857837,594316
2310,591866295,592460017,593722
2311,592476481,593079142,602661
2312,593087983,593686577,598594
2313,593694959,594295711,600752
2314,594312807,594942148,629341
2315,594956848,595560970,604122
2316,595570047,596166222,596175
2317,596174668,596776915,602247
2318,596785526,597384598,599072
2319,597393143,597989226,596083
2320,597997666,598610604,612938
2321,598621302,599221508,600206
2322,599229995,599828782,598787
2323,599837337,600440525,603188
2324,600449038,601050917,601879
2325,601069243,601678434,609191
2326,601689606,602286624,597018
2327,602294906,602917063,622157
2328,602928318,603528079,599761
2329,603536597,604133785,597188
2330,604142115,604742949,600834
2331,604751114,605351098,599984
2332,605359370,605959007,599637
2333,605967266,606584748,617482
2334,606596428,607203056,606628
2335,607211649,607811451,599802
2336,607819936,608422652,602716
2337,608430954,609036976,606022
2338,609045361,609645310,599949
2339,609653635,610256727,603092
2340,610265097,610889493,624396
2341,610900649,611505874,605225
2342,611514484,612133893,619409
2343,612143132,612755118,611986
2344,612763786,613372063,608277
2345,613380506,613986074,605568
2346,613994421,614619233,624812
2347,614630151,615239318,609167
2348,615247810,615861881,614071
2349,615870449,616478826,608377
2350,616487276,617100016,612740
2351,617108457,617719743,611286
2352,617728253,618343367,615114
2353,618351985,618984822,632837
2354,618996603,619611062,614459
2355,619619625,620233701,614076
2356,620242118,620853738,611620
2357,620862035,621484208,622173
2358,621492623,622112678,620055
2359,622121198,622751976,630778
2360,622762672,623376863,614191
2361,623385291,624003170,617879
2362,624011593,624629059,617466
2363,624637567,625254036,616469
2364,625262601,625883990,621389
2365,625892640,626523671,631031
2366,626534354,627152442,618088
2367,627161003,627775933,614930
2368,627784393,628404365,619972
2369,628412923,629033550,620627
2370,629042053,629659845,617792
2371,629668372,630283177,614805
2372,630291567,630928483,636916
2373,630940123,631563506,623383
2374,631572122,632193287,621165
2375,632201812,632819885,618073
2376,632828250,633453675,625425
2377,633462366,634084072,621706
2378,634092537,634732330,639793
2379,634743183,635364115,620932
2380,635372633,636000579,627946
2381,636009125,636633254,624129
2382,636641727,637268999,627272
2383,637277462,637901554,624092
2384,637909957,638557748,647791
2385,638568494,639198297,629803
2386,639206837,639836029,629192
2387,639844502,640471070,626568
2388,640479427,641148632,669205
2389,641157784,641790687,632903
2390,641799255,642431832,632577
2391,642440298,643089813,649515
2392,643101787,643734620,632833
2393,643743163,644376206,633043
2394,644384589,645022977,638388
2395,645031583,645667218,635635
2396,645675730,646308253,632523
2397,646316615,646965564,648949
2398,646976320,647612002,635682
2399,647620492,648258623,638131
2400,648267261,648907051,639790
2401,648915879,649554945,639066
2402,649563402,650206011,642609
2403,650214479,650867009,652530
2404,650877910,651518998,641088
2405,651527718,652163536,635818
2406,652171979,652810851,638872
2407,652819231,653457768,638537
2408,653466120,654105200,639080
2409,654113601,654767467,653866
2410,654779167,655415704,636537
2411,655424249,656063575,639326
2412,656071998,656717732,645734
2413,656726470,657371617,645147
2414,657380193,658024511,644318
2415,658033016,658685862,652846
2416,658696788,659339291,642503
2417,659347879,659990075,642196
2418,659998565,660643642,645077
2419,660652082,661299678,647596
2420,661308203,661950795,642592
2421,661959242,662617426,658184
2422,662628014,663273522,645508
2423,663282072,663931442,649370
2424,663940233,664594159,653926
2425,664602975,665247887,644912
2426,665256277,665903863,647586
2427,665912333,666577320,664987
2428,666589051,667237143,648092
2429,667245588,667896519,650931
2430,667905220,668550756,645536
2431,668559080,669207418,648338
2432,669215800,669864744,648944
2433,669873117,670534834,661717
2434,670545564,671196132,650568
2435,671204805,671860390,655585
2436,671869309,672514574,645265
2437,672523009,673174980,651971
2438,673183426,673834745,651319
2439,673854307,674520627,666320
2440,674531706,675183274,651568
2441,675191722,675840287,648565
2442,675848627,676503024,654397
2443,676511341,677168683,657342
2444,677177103,677831645,654542
2445,677839872,678509879,670007
2446,678521564,679180810,659246
2447,679189742,679845123,655381
2448,679853691,680513030,659339
2449,680521285,681178980,657695
2450,681187410,681844816,657406
2451,681853349,682525025,671676
2452,682535848,683193626,657778
2453,683202226,683859034,656808
2454,683867680,684525139,657459
2455,684533604,685191053,657449
2456,685199451,685856940,657489
2457,685865348,686534798,669450
2458,686545506,687209421,663915
2459,687218235,687873456,655221
2460,687881871,688542488,660617
2461,688550845,689212452,661607
2462,689220895,689881687,660792
2463,689890150,690569276,679126
2464,690580991,691242432,661441
2465,691251018,691911695,660677
2466,691920135,692578143,658008
2467,692586508,693311328,724820
2468,693319838,693989276,669438
2469,693997611,694675291,677680
2470,694686104,695353891,667787
2471,695362619,696026990,664371
2472,696035405,696696879,661474
2473,696705139,697371938,666799
2474,697380250,698048252,668002
2475,698056444,698737602,681158
2476,698748188,699415713,667525
2477,699424196,700091293,667097
2478,700099701,700825889,726188
2479,700834886,701505434,670548
2480,701513799,702183961,670162
2481,702192363,702880201,687838
2482,702892109,703566456,674347
2483,703575242,704248404,673162
2484,704256990,704927279,670289
2485,704935827,705606832,671005
2486,705615314,706286155,670841
2487,706294678,707009467,714789
2488,707020779,707693725,672946
2489,707702448,708373876,671428
2490,708382324,709056435,674111
2491,709065046,709736215,671169
2492,709744673,710418078,673405
2493,710426571,711174641,748070
2494,711185903,711854399,668496
2495,711862811,712534409,671598
2496,712542799,713217933,675134
2497,713226283,713900595,674312
2498,713908968,714648217,739249
2499,714660189,715332601,672412
2500,715341106,716015794,674688
2501,716024237,716696060,671823
2502,716704395,717375775,671380
2503,717384158,718055558,671400
2504,718063945,718812991,749046
2505,718823679,719502507,678828
2506,719511410,720185825,674415
2507,720194295,720871256,676961
2508,720879849,721555163,675314
2509,721563631,722238991,675360
2510,722247486,723042920,795434
2511,723053650,723731508,677858
2512,723740011,724418315,678304
2513,724426840,725101892,675052
2514,725110317,725784792,674475
2515,725793272,726535042,741770
2516,726546968,727226480,679512
2517,727235411,727913454,678043
2518,727922118,728594382,672264
2519,728602742,729277387,674645
2520,729285770,729961931,676161
2521,729970324,730764582,794258
2522,730775443,731459070,683627
2523,731467788,732145984,678196
2524,732154382,732832694,678312
2525,732841141,733519297,678156
2526,733527702,734203094,675392
2527,734211459,734962272,750813
2528,734973195,735656423,683228
2529,735665082,736344160,679078
2530,736352552,737031235,678683
2531,737039710,737720974,681264
2532,737729416,738426804,697388
2533,738438906,739124617,685711
2534,739133233,739815218,681985
2535,739823653,740502819,679166
2536,740511169,741195600,684431
2537,741204141,741886840,682699
2538,741895195,742646321,751126
2539,742657209,743343725,686516
2540,743352504,744037897,685393
2541,744046302,744734167,687865
2542,744742632,745427622,684990
2543,745436057,746124668,688611
2544,746133299,746918849,785550
2545,746929700,747618549,688849
2546,747626981,748317457,690476
2547,748325980,749015729,689749
2548,749024099,749712672,688573
2549,749721047,750431739,710692
2550,750443795,751140125,696330
2551,751148993,751842637,693644
2552,751851197,752545399,694202
2553,752553857,753247555,693698
2554,753255993,753953066,697073
2555,753961619,754729973,768354
2556,754741340,755432728,691388
2557,755441176,756135719,694543
2558,756144028,756840754,696726
2559,756849071,757546952,697881
2560,757555242,758294283,739041
2561,758306059,759004313,698254
2562,759012903,759714706,701803
2563,759723382,760421180,697798
2564,760429570,761127621,698051
2565,761136001,761839708,703707
2566,761848163,762563361,715198
2567,762583023,763282089,699066
2568,763290918,763988939,698021
2569,763997341,764698249,700908
2570,764706727,765402074,695347
2571,765410311,766108292,697981
2572,766116597,766827795,711198
2573,766838265,767541982,703717
2574,767550650,768251658,701008
2575,768260018,769030314,770296
2576,769039699,769738249,698550
2577,769746654,770470326,723672
2578,770483433,771182369,698936
2579,771190851,771892088,701237
2580,771900598,772602313,701715
2581,772610753,773312074,701321
2582,773320374,774022312,701938
2583,774030652,774750525,719873
2584,774762649,775471867,709218
2585,775480806,776180513,699707
2586,776188886,776894588,705702
2587,776903071,777605402,702331
2588,777613792,778387341,773549
2589,778398197,779104222,706025
2590,779112712,779815194,702482
2591,779823634,780526366,702732
2592,780534852,781240298,705446
2593,781248728,781956610,707882
2594,781965178,782687287,722109
2595,782697872,783409621,711749
2596,783418199,784129514,711315
2597,784137949,784846212,708263
2598,784854738,785565617,710879
2599,785574230,786298992,724762
2600,786310705,787019664,708959
2601,787028245,787737365,709120
2602,787745870,788454762,708892
2603,788463210,789174360,711150
2604,789182737,789889083,706346
2605,789897463,790620592,723129
2606,790631272,791339753,708481
2607,791348106,792064406,716300
2608,792073239,792785366,712127
2609,792793995,793503603,709608
2610,793512121,794238099,725978
2611,794248840,794961501,712661
2612,794969805,795684659,714854
2613,795693355,796405655,712300
2614,796414008,797125999,711991
2615,797134435,797846945,712510
2616,797855516,798584295,728779
2617,798596108,799314210,718102
2618,799323011,800041804,718793
2619,800050400,800765507,715107
2620,800773982,801489402,715420
2621,801497945,802227546,729601
2622,802238417,802960814,722397
2623,802969841,803688506,718665
2624,803697011,804415494,718483
2625,804423864,805142283,718419
2626,805150668,805871709,721041
2627,805880317,806616282,735965
2628,806627258,807346236,718978
2629,807354789,808077279,722490
2630,808085977,808805068,719091
2631,808813491,809535327,721836
2632,809543819,810279676,735857
2633,810291274,811010754,719480
2634,811019111,811738816,719705
2635,811747161,812469601,722440
2636,812477981,813202340,724359
2637,813210659,813932984,722325
2638,813941293,814679936,738643
2639,814690554,815412670,722116
2640,815421110,816146918,725808
2641,816155576,816879950,724374
2642,816888515,817610511,721996
2643,817618982,818355106,736124
2644,818365689,819091915,726226
2645,819100360,819825934,725574
2646,819834497,820557982,723485
2647,820566221,821289843,723622
2648,821298173,822027472,729299
2649,822035889,822779391,743502
2650,822790924,823519831,728907
2651,823528479,824258838,730359
2652,824267493,824994115,726622
2653,825002452,825727879,725427
2654,825736312,826476536,740224
2655,826487264,827216109,728845
2656,827224762,827951231,726469
2657,827959716,828686383,726667
2658,828694791,829423991,729200
2659,829432404,830180895,748491
2660,830191871,830924951,733080
2661,830933276,831665724,732448
2662,831674094,832410760,736666
2663,832419398,833151804,732406
2664,833160242,833898519,738277
2665,833906854,834659796,752942
2666,834671737,835407584,735847
2667,835415986,836151540,735554
2668,836159817,836896012,736195
2669,836904354,837646240,741886
2670,837654785,838404507,749722
2671,838414967,839215841,800874
2672,839224625,839963248,738623
2673,839971568,840716576,745008
2674,840725459,841492540,767081
2675,841501314,842253344,752030
2676,842264140,843003271,739131
2677,843011757,843753068,741311
2678,843761474,844505823,744349
2679,844514471,845259058,744587
2680,845267483,846009392,741909
2681,846017752,846775944,758192
2682,846787962,847532823,744861
2683,847541451,848283469,742018
2684,848291915,849040862,748947
2685,849049668,849794396,744728
2686,849802836,850562497,759661
2687,850573157,851320854,747697
2688,851329229,852077448,748219
2689,852085865,852837163,751298
2690,852845771,853596962,751191
2691,853605470,854369955,764485
2692,854380497,855133510,753013
2693,855142183,855893426,751243
2694,855901911,856655951,754040
2695,856672854,857431592,758738
2696,857440556,858214409,773853
2697,858226275,858985216,758941
2698,858993666,859837052,843386
2699,859854574,860674488,819914
2700,860687800,861448315,760515
2701,861456961,862230850,773889
2702,862242100,862999841,757741
2703,863008431,863765819,757388
2704,863774327,864531772,757445
2705,864540258,865305948,765690
2706,865314922,866087170,772248
2707,866097863,866856491,758628
2708,866864926,867626103,761177
2709,867634453,868398517,764064
2710,868406955,869170798,763843
2711,869179333,869941104,761771
2712,869949501,870730059,780558
2713,870742045,871509334,767289
2714,871517927,872287652,769725
2715,872296260,873063792,767532
2716,873072260,873843784,771524
2717,873852653,874634446,781793
2718,874645357,875413235,767878
2719,875421723,876194567,772844
2720,876203268,876973477,770209
2721,876981892,877752170,770278
2722,877760543,878548456,787913
2723,878559312,879336164,776852
2724,879344914,880115579,770665
2725,880123964,880894764,770800
2726,880902993,881673643,770650
2727,881682020,882473030,791010
2728,882485345,883259189,773844
2729,883267918,884042669,774751
2730,884051252,884825232,773980
2731,884833617,885608191,774574
2732,885616596,886409178,792582
2733,886420009,887200722,780713
2734,887209250,887986663,777413
2735,887995073,888772060,776987
2736,888780375,889557758,777383
2737,889566045,890363376,797331
2738,890374776,891152760,777984
2739,891161203,891941829,780626
2740,891950138,892728411,778273
2741,892736743,893519534,782791
2742,893527942,894325596,797654
2743,894337354,895117860,780506
2744,895126493,895907126,780633
2745,895915606,896696029,780423
2746,896704384,897487095,782711
2747,897495557,898289547,793990
2748,898300243,899086089,785846
2749,899095043,899882414,787371
2750,899890955,900678274,787319
2751,900686759,901470763,784004
2752,901479138,902277075,797937
2753,902288167,903072424,784257
2754,903080896,903868108,787212
2755,903876445,904685276,808831
2756,904697763,905488255,790492
2757,905496683,906302947,806264
2758,906315093,907107452,792359
2759,907116331,907909790,793459
2760,907918257,908706008,787751
2761,908714420,909502248,787828
2762,909510686,910312535,801849
2763,910323340,911115050,791710
2764,911123555,911917633,794078
2765,911926339,912714550,788211
2766,912723038,913511014,787976
2767,913519389,914320995,801606
2768,914331788,915125147,793359
2769,915133827,915931138,797311
2770,915939929,916734318,794389
2771,916742670,917536289,793619
2772,917544740,918355148,810408
2773,918366991,919158729,791738
2774,919167274,919958921,791647
2775,919967359,920758550,791191
2776,920766935,921558755,791820
2777,921567145,922377476,810331
2778,922388443,923183528,795085
2779,923192061,923994787,802726
2780,924003615,924798635,795020
2781,924807103,925604125,797022
2782,925612764,926421499,808735
2783,926432310,927227981,795671
2784,927236484,928034925,798441
2785,928043380,928839275,795895
2786,928847770,929645868,798098
2787,929654405,930466652,812247
2788,930478368,931274177,795809
2789,931282763,932083341,800578
2790,932091957,932899943,807986
2791,932908879,933707814,798935
2792,933716234,934532339,816105
2793,934543115,935344365,801250
2794,935352808,936154636,801828
2795,936162974,936967274,804300
2796,936975794,937780419,804625
2797,937788845,938604321,815476
2798,938614896,939422998,808102
2799,939431518,940239048,807530
2800,940247656,941056499,808843
2801,941065212,941871399,806187
2802,941879772,942708309,828537
2803,942720094,943531534,811440
2804,943539974,944351676,811702
2805,944360016,945171844,811828
2806,945180181,945992187,812006
2807,946000602,946828952,828350
2808,946839735,947657805,818070
2809,947666571,948478291,811720
2810,948486794,949298078,811284
2811,949306463,950136379,829916
2812,950147595,950965382,817787
2813,950973772,951785846,812074
2814,951794293,952606615,812322
2815,952615095,953426905,811810
2816,953435340,954263187,827847
2817,954274772,955093155,818383
2818,955101886,955917280,815394
2819,955925770,956738517,812747
2820,956746933,957562517,815584
2821,957570984,958406960,835976
2822,958418242,959236583,818341
2823,959253997,960070100,816103
2824,960079033,960895054,816021
2825,960903539,961721637,818098
2826,961729896,962562448,832552
2827,962573480,963395311,821831
2828,963403980,964220348,816368
2829,964228736,965047167,818431
2830,965055679,965871767,816088
2831,965880057,966717033,836976
2832,966729195,967548778,819583
2833,967557371,968374073,816702
2834,968382388,969204946,822558
2835,969213442,970047475,834033
2836,970058526,970878656,820130
2837,970887142,971713151,826009
2838,971721724,972546998,825274
2839,972555326,973378135,822809
2840,973386522,974222483,835961
2841,974233213,975064041,830828
2842,975073083,975898711,825628
2843,975907201,976730161,822960
2844,976738508,977564898,826390
2845,977573298,978416739,843441
2846,978428572,979261142,832570
2847,979269747,980099310,829563
2848,980107803,980934042,826239
2849,980942432,981768945,826513
2850,981777358,982625104,847746
2851,982636050,983465292,829242
2852,983473992,984307692,833700
2853,984316396,985145394,828998
2854,985153809,985987154,833345
2855,986008893,986852414,843521
2856,986863465,987696759,833294
2857,987705407,988535168,829761
2858,988543545,989376433,832888
2859,989384808,990237458,852650
2860,990249369,991085322,835953
2861,991093847,991927056,833209
2862,991935488,992776426,840938
2863,992785172,993625059,839887
2864,993633567,994486573,853006
2865,994497423,995334100,836677
2866,995342628,996182528,839900
2867,996191061,997030886,839825
2868,997039356,997878596,839240
2869,997887099,998737311,850212
2870,998747921,999585408,837487
2871,999593921,434437,-999159484
2872,443000,1283992,840992
2873,1292708,2147920,855212
2874,2159460,2997284,837824
2875,3005827,3848905,843078
2876,3857382,4694067,836685
2877,4702459,5541720,839261
2878,5550228,6401435,851207
2879,6412376,7253255,840879
2880,7261683,8101806,840123
2881,8110228,8952569,842341
2882,8961027,9805485,844458
2883,9814283,10671697,857414
2884,10682413,11523786,841373
2885,11532377,12376359,843982
2886,12384957,13228272,843315
2887,13236890,14096455,859565
2888,14108085,14953736,845651
2889,14962324,15806637,844313
2890,15815047,16665835,850788
2891,16674506,17519252,844746
2892,17527775,18391016,863241
2893,18402308,19247169,844861
2894,19255684,20110066,854382
2895,20118762,20964000,845238
2896,20972422,21817178,844756
2897,21825566,22746334,920768
2898,22756954,23610657,853703
2899,23619460,24468103,848643
2900,24476441,25324718,848277
2901,25333116,26200088,866972
2902,26212031,27068656,856625
2903,27077675,27929079,851404
2904,27937545,28791924,854379
2905,28800444,29655884,855440
2906,29664419,30530113,865694
2907,30540881,31394654,853773
2908,31403142,32254787,851645
2909,32263242,33117669,854427
2910,33126217,34081692,955475
2911,34092749,34950526,857777
2912,34959317,35822911,863594
2913,35831644,36689948,858304
2914,36698343,37552858,854515
2915,37561268,38432928,871660
2916,38444526,39305348,860822
2917,39314021,40169573,855552
2918,40178066,41035999,857933
2919,41044397,41906885,862488
2920,41915278,42821265,905987
2921,42832542,43691084,858542
2922,43699592,44568937,869345
2923,44577936,45437725,859789
2924,45446323,46321603,875280
2925,46332398,47191333,858935
2926,47199839,48061926,862087
2927,48070427,48929675,859248
2928,48938053,49802521,864468
2929,49811034,50694001,882967
2930,50705709,51568737,863028
2931,51577347,52439856,862509
2932,52448178,53324427,876249
2933,53333494,54211482,877988
2934,54222386,55085769,863383
2935,55094257,55957417,863160
2936,55965830,56831661,865831
2937,56840014,57705339,865325
2938,57713920,58590334,876414
2939,58600939,59471948,871009
2940,59480459,60346872,866413
2941,60355319,61227474,872155
2942,61236209,62127376,891167
2943,62139593,63006374,866781
2944,63014942,63880994,866052
2945,63889409,64762275,872866
2946,64770871,65638213,867342
2947,65646666,66529303,882637
2948,66540307,67407045,866738
2949,67415596,68287747,872151
2950,68296335,69163420,867085
2951,69171815,70054956,883141
2952,70065603,70939006,873403
2953,70947869,71814643,866774
2954,71823048,72694606,871558
2955,72703197,73580932,877735
2956,73589397,74475559,886162
2957,74487473,75357650,870177
2958,75372109,76252065,879956
2959,76261079,77134476,873397
2960,77142883,78033920,891037
2961,78044974,78923711,878737
2962,78932395,79813052,880657
2963,79822086,80696453,874367
2964,80704903,81586016,881113
2965,81594401,82486290,891889
2966,82497464,83377322,879858
2967,83385932,84266770,880838
2968,84274992,85152143,877151
2969,85160528,86057251,896723
2970,86069289,86957457,888168
2971,86966240,87847025,880785
2972,87855408,88743299,887891
2973,88751955,89639661,887706
2974,89648177,90551443,903266
2975,90562750,91446855,884105
2976,91455212,92341671,886459
2977,92350013,93233692,883679
2978,93242115,94142867,900752
2979,94153701,95044236,890535
2980,95052852,95937686,884834
2981,95946122,96833164,887042
2982,96841677,97730310,888633
2983,97739144,98642510,903366
2984,98654120,99542037,887917
2985,99550524,100434945,884421
2986,100443376,101327213,883837
2987,101335610,102243462,907852
2988,102254604,103139809,885205
2989,103148390,104033099,884709
2990,104041416,104930012,888596
2991,104938512,105826134,887622
2992,105834769,106737807,903038
2993,106748816,107636981,888165
2994,107645621,108531030,885409
2995,108539365,109427635,888270
2996,109436050,110341342,905292
2997,110353321,111242175,888854
2998,111250808,112136482,885674
2999,112144900,113036478,891578
3000,113045098,113948437,903339
3001,113959378,114851758,892380
3002,114860439,115756438,895999
3003,115765364,116657320,891956
3004,116665806,117564451,898645
3005,117573201,118479535,906334
3006,118490288,119385683,895395
3007,119394278,120290099,895821
3008,120298639,121193563,894924
3009,121202226,122111013,908787
3010,122122738,123019421,896683
3011,123028129,123920622,892493
3012,123929110,124834970,905860
3013,124844124,125764155,920031
3014,125777780,126689629,911849
3015,126700801,127607009,906208
3016,127615637,128514595,898958
3017,128523296,129419620,896324
3018,129428105,130341698,913593
3019,130352747,131249275,896528
3020,131257770,132163412,905642
3021,132172090,133076629,904539
3022,133085610,134002031,916421
3023,134013849,134917108,903259
3024,134925741,135834137,908396
3025,135842772,136748938,906166
3026,136757536,137661308,903772
3027,137669695,138586862,917167
3028,138597989,139507382,909393
3029,139516230,140419717,903487
3030,140428295,141331854,903559
3031,141340342,142265613,925271
3032,142277028,143180539,903511
3033,143189059,144101968,912909
3034,144110915,145014790,903875
3035,145023255,145942981,919726
3036,145955087,146862961,907874
3037,146871554,147778620,907066
3038,147787203,148698202,910999
3039,148706813,149614218,907405
3040,149622874,150544594,921720
3041,150555495,151472263,916768
3042,151481438,152392187,910749
3043,152400782,153317630,916848
3044,153326249,154250454,924205
3045,154261305,155174114,912809
3046,155182562,156096486,913924
3047,156105164,157016286,911122
3048,157024786,157955263,930477
3049,157967246,158881782,914536
3050,158890653,159805286,914633
3051,159813741,160734750,921009
3052,160743571,161661025,917454
3053,161669578,162605467,935889
3054,162616421,163531084,914663
3055,163539584,164457718,918134
3056,164466309,165380817,914508
3057,165389345,166319284,929939
3058,166330092,167247825,917733
3059,167256381,168171312,914931
3060,168179732,169101685,921953
3061,169110511,170047041,936530
3062,170058885,170977257,918372
3063,170985912,171907625,921713
3064,171916100,172834134,918034
3065,172842554,173767755,925201
3066,173776330,174707954,931624
3067,174718684,175640232,921548
3068,175648762,176570637,921875
3069,176579155,177500913,921758
3070,177509363,178458265,948902
3071,178469693,179391468,921775
3072,179399880,180326151,926271
3073,180334692,181256740,922048
3074,181265130,182209474,944344
3075,182221620,183144160,922540
3076,183152715,184074816,922101
3077,184083304,185008740,925436
3078,185017243,185955811,938568
3079,185966968,186901358,934390
3080,186910505,187836345,925840
3081,187844928,188774060,929132
3082,188782563,189711262,928699
3083,189719620,190724428,1004808
3084,190741353,191705545,964192
3085,191728344,192673553,945209
3086,192720039,193658709,938670
3087,193680782,194634478,953696
3088,194647030,195584247,937217
3089,195592933,196531260,938327
3090,196540129,197478980,938851
3091,197487593,198435275,947682
3092,198446331,199382273,935942
3093,199390698,200324291,933593
3094,200332636,201268450,935814
3095,201276995,202226852,949857
3096,202237398,203170926,933528
3097,203179361,204119984,940623
3098,204128436,205066663,938227
3099,205075216,206033145,957929
3100,206045327,206979208,933881
3101,206987751,207924437,936686
3102,207932880,208869179,936299
3103,208877705,209810912,933207
3104,209819345,210771021,951676
3105,210781960,211716145,934185
3106,211724615,212667147,942532
3107,212675881,213610211,934330
3108,213618643,214574608,955965
3109,214585576,215519957,934381
3110,215528447,216472154,943707
3111,216480767,217418430,937663
3112,217426863,218386278,959415
3113,218398457,219336060,937603
3114,219344703,220291235,946532
3115,220299866,221238203,938337
3116,221246678,222198931,952253
3117,222209664,223151164,941500
3118,223159739,224104580,944841
3119,224113654,225059967,946313
3120,225068555,226023658,955103
3121,226034383,226980038,945655
3122,226988506,227935431,946925
3123,227943949,228895778,951829
3124,228904311,229849640,945329
3125,229858020,230822847,964827
3126,230834733,231782756,948023
3127,231791372,232743682,952310
3128,232752458,233698221,945763
3129,233706618,234669123,962505
3130,234679959,235628523,948564
3131,235637146,236585763,948617
3132,236594213,237543890,949677
3133,237552410,238509885,957475
3134,238520699,239472566,951867
3135,239481189,240427262,946073
3136,240435654,241384908,949254
3137,241393350,242416469,1023119
3138,242428784,243416238,987454
3139,243425180,244374207,949027
3140,244382607,245339351,956744
3141,245347871,246314483,966612
3142,246325395,247281875,956480
3143,247290638,248240831,950193
3144,248249297,249202955,953658
3145,249211393,250173893,962500
3146,250184606,251144715,960109
3147,251153709,252103243,949534
3148,252111738,253064575,952837
3149,253073090,254039450,966360
3150,254051163,255011089,959926
3151,255019790,255969714,949924
3152,255978147,256931723,953576
3153,256940163,257905019,964856
3154,257915842,258872175,956333
3155,258880823,259831495,950672
3156,259840108,260797668,957560
3157,260806414,261756998,950584
3158,261765458,262735579,970121
3159,262746472,263699838,953366
3160,263708506,264661736,953230
3161,264670086,265621364,951278
3162,265629844,266599542,969698
3163,266611568,267566660,955092
3164,267575138,268529939,954801
3165,268538387,269500087,961700
3166,269508913,270480132,971219
3167,270490997,271449310,958313
3168,271457783,272418756,960973
3169,272427234,273388125,960891
3170,273396648,274377730,981082
3171,274388270,275353045,964775
3172,275361382,276322920,961538
3173,276331275,277295712,964437
3174,277304330,278340315,1035985
3175,278352211,279321812,969601
3176,279330769,280292607,961838
3177,280301122,281269263,968141
3178,281277749,282259016,981267
3179,282269982,283232439,962457
3180,283240789,284205807,965018
3181,284214250,285176793,962543
3182,285185248,286169224,983976
3183,286180198,287145702,965504
3184,287154275,288127110,972835
3185,288135788,289101117,965329
3186,289109575,290100595,991020
3187,290112561,291078236,965675
3188,291086839,292058721,971882
3189,292067284,293036214,968930
3190,293044672,294033407,988735
3191,294044173,295013166,968993
3192,295021593,295997152,975559
3193,296005529,296982421,976892
3194,296991112,297987172,996060
3195,297998010,298971386,973376
3196,298979986,299960908,980922
3197,299969305,300942110,972805
3198,300950500,301945720,995220
3199,301957603,302931154,973551
3200,302939687,303916351,976664
3201,303924766,304900533,975767
3202,304908953,305884975,976022
3203,305906897,306891086,984189
3204,306902020,307879343,977323
3205,307887815,308868115,980300
3206,308876683,309869804,993121
3207,309880544,310861385,980841
3208,310869896,311847304,977408
3209,311855859,312836450,980591
3210,312844957,313828858,983901
3211,313837416,314888631,1051215
3212,314900369,315888657,988288
3213,315897489,316881472,983983
3214,316889952,317889290,999338
3215,317908584,318890500,981916
3216,318899291,319883267,983976
3217,319891715,320872897,981182
3218,320881342,321886591,1005249
3219,321897710,322975207,1077497
3220,322990499,324059049,1068550
3221,324072048,325061144,989096
3222,325070268,326082508,1012240
3223,326094895,327086678,991783
3224,327095366,328083680,988314
3225,328092208,329085396,993188
3226,329094006,330095722,1001716
3227,330106631,331097681,991050
3228,331106056,332094147,988091
3229,332102395,333098600,996205
3230,333107100,334115775,1008675
3231,334126849,335121456,994607
3232,335130001,336124455,994454
3233,336132912,337126587,993675
3234,337134937,338146509,1011572
3235,338158598,339208722,1050124
3236,339217553,340216685,999132
3237,340225128,341219168,994040
3238,341227613,342240172,1012559
3239,342251194,343246331,995137
3240,343254939,344251212,996273
3241,344260119,345258158,998039
3242,345266618,346275654,1009036
3243,346286904,347283019,996115
3244,347291647,348284990,993343
3245,348293548,349333709,1040161
3246,349349501,350368736,1019235
3247,350381482,351374239,992757
3248,351382907,352378558,995651
3249,352387064,353387852,1000788
3250,353396796,354403692,1006896
3251,354414636,355407220,992584
3252,355415743,356414943,999200
3253,356423380,357424041,1000661
3254,357432499,358448757,1016258
3255,358459538,359486276,1026738
3256,359499342,360499241,999899
3257,360507749,361512831,1005082
3258,361521396,362674957,1153561
3259,362687865,363692122,1004257
3260,363700695,364711618,1010923
3261,364720088,365730024,1009936
3262,365738602,366763205,1024603
3263,366774311,367783841,1009530
3264,367792376,368802475,1010099
3265,368811020,369945175,1134155
3266,369956592,370964084,1007492
3267,370972607,371986806,1014199
3268,371995652,373008356,1012704
3269,373016822,374090244,1073422
3270,374102067,375113012,1010945
3271,375121543,376128854,1007311
3272,376137237,377156978,1019741
3273,377165737,378252503,1086766
3274,378263700,379274874,1011174
3275,379283401,380297557,1014156
3276,380306085,381319153,1013068
3277,381327591,382359917,1032326
3278,382371159,383385114,1013955
3279,383393632,384404683,1011051
3280,384413033,385429802,1016769
3281,385438235,386469027,1030792
3282,386481129,387495931,1014802
3283,387504649,388519309,1014660
3284,388527741,389542047,1014306
3285,389550603,390580684,1030081
3286,390591367,391609875,1018508
3287,391618834,392630617,1011783
3288,392639102,393657084,1017982
3289,393665820,394691802,1025982
3290,394702693,395725717,1023024
3291,395734202,396749443,1015241
3292,396757936,397772883,1014947
3293,397781489,398813585,1032096
3294,398825496,399838103,1012607
3295,399846581,400927799,1081218
3296,400936880,401969688,1032808
3297,401980787,402993873,1013086
3298,403002348,404021410,1019062
3299,404029941,405042648,1012707
3300,405051033,406114657,1063624
3301,406125573,407145074,1019501
3302,407153541,408173503,1019962
3303,408181938,409208920,1026982
3304,409217538,410261577,1044039
3305,410273884,411293565,1019681
3306,411302148,412325328,1023180
3307,412333703,413358759,1025056
3308,413367317,414463283,1095966
3309,414474187,415501155,1026968
3310,415509666,416533279,1023613
3311,416541687,417572322,1030635
3312,417580950,418681191,1100241
3313,418692074,419720304,1028230
3314,419729222,420760446,1031224
3315,420768844,421873388,1104544
3316,421885537,422913884,1028347
3317,422922444,423953849,1031405
3318,423962246,424990523,1028277
3319,424998840,426152193,1153353
3320,426163212,427198140,1034928
3321,427206700,428238536,1031836
3322,428247016,429285941,1038925
3323,429294852,430456359,1161507
3324,430467551,431505992,1038441
3325,431514530,432553650,1039120
3326,432562208,433603236,1041028
3327,433611851,434793321,1181470
3328,434805139,435844755,1039616
3329,435853321,436891642,1038321
3330,436900212,438010991,1110779
3331,438022203,439070059,1047856
3332,439079040,440127876,1048836
3333,440136387,441178694,1042307
3334,441187135,442311087,1123952
3335,442322399,443368040,1045641
3336,443376623,444453819,1077196
3337,444462395,445509068,1046673
3338,445517471,446632258,1114787
3339,446644422,447688091,1043669
3340,447707071,448763335,1056264
3341,448772625,449892387,1119762
3342,449903592,450947320,1043728
3343,450955893,452003253,1047360
3344,452011739,453062091,1050352
3345,453070556,454188775,1118219
3346,454199947,455255025,1055078
3347,455263583,456313910,1050327
3348,456322493,457373110,1050617
3349,457381470,458457120,1075650
3350,458469585,459523761,1054176
3351,459532327,460582844,1050517
3352,460591177,461714272,1123095
3353,461725444,462782542,1057098
3354,462791391,463845647,1054256
3355,463854245,464905752,1051507
3356,464914290,465982613,1068323
3357,465993629,467053238,1059609
3358,467062032,468117185,1055153
3359,468126147,469180969,1054822
3360,469189613,470266741,1077128
3361,470278970,471334262,1055292
3362,471342857,472409135,1066278
3363,472417625,473478472,1060847
3364,473487013,474564001,1076988
3365,474574982,475637027,1062045
3366,475645485,476710441,1064956
3367,476719092,477798666,1079574
3368,477809856,478871437,1061581
3369,478879997,479942093,1062096
3370,479950736,481012162,1061426
3371,481020867,482096389,1075522
3372,482108468,483176291,1067823
3373,483185155,484250821,1065666
3374,484259359,485332190,1072831
3375,485340880,486421605,1080725
3376,486432508,487508747,1076239
3377,487517819,488587164,1069345
3378,488595677,489676537,1080860
3379,489687706,490760118,1072412
3380,490768861,491838707,1069846
3381,491847122,492917808,1070686
3382,492926286,494012897,1086611
3383,494024936,495098333,1073397
3384,495107056,496177752,1070696
3385,496186462,497259441,1072979
3386,497268573,498353838,1085265
3387,498364754,499437943,1073189
3388,499446777,500517062,1070285
3389,500525635,501606154,1080519
3390,501616984,502693005,1076021
3391,502701606,503781614,1080008
3392,503790500,504865085,1074585
3393,504873685,505967882,1094197
3394,505979760,507064409,1084649
3395,507073463,508151760,1078297
3396,508160267,509235173,1074906
3397,509243646,510336041,1092395
3398,510346952,511428020,1081068
3399,511436715,512518172,1081457
3400,512526607,513622212,1095605
3401,513633469,514712276,1078807
3402,514721005,515806343,1085338
3403,515815286,516894264,1078978
3404,516902677,517994861,1092184
3405,518006749,519087168,1080419
3406,519095731,520176238,1080507
3407,520184861,521266625,1081764
3408,521275143,522368581,1093438
3409,522379627,523465241,1085614
3410,523474049,524557002,1082953
3411,524565705,525662435,1096730
3412,525673892,526757158,1083266
3413,526765703,527851069,1085366
3414,527859820,528946692,1086872
3415,528955215,530054819,1099604
3416,530066698,531156880,1090182
3417,531165593,532254294,1088701
3418,532263075,533349796,1086721
3419,533358447,534455092,1096645
3420,534465835,535556438,1090603
3421,535565312,536654580,1089268
3422,536663260,537765496,1102236
3423,537776520,538859979,1083459
3424,538868521,539961320,1092799
3425,539970056,541057346,1087290
3426,541065914,542168776,1102862
3427,542180779,543264714,1083935
3428,543273350,544363572,1090222
3429,544372275,545479513,1107238
3430,545491975,546580634,1088659
3431,546589317,547673465,1084148
3432,547681958,548775856,1093898
3433,548784622,549886728,1102106
3434,549897782,550989387,1091605
3435,550997973,552086706,1088733
3436,552095254,553188837,1093583
3437,553197460,554304994,1107534
3438,554316697,555412657,1095960
3439,555421436,556515314,1093878
3440,556523770,557629434,1105664
3441,557640475,558733464,1092989
3442,558742114,559834169,1092055
3443,559842802,560937610,1094808
3444,560946358,562049168,1102810
3445,562059881,563152965,1093084
3446,563161445,564257554,1096109
3447,564266463,565361221,1094758
3448,565370004,566475681,1105677
3449,566487665,567585089,1097424
3450,567593850,568692300,1098450
3451,568701118,569811493,1110375
3452,569822462,570915544,1093082
3453,570924071,572019388,1095317
3454,572027914,573126423,1098509
3455,573135209,574247587,1112378
3456,574258728,575351507,1092779
3457,575360087,576458922,1098835
3458,576467673,577585606,1117933
3459,577597582,578697753,1100171
3460,578706379,579806264,1099885
3461,579814857,580912019,1097162
3462,580920459,582042131,1121672
3463,582053250,583156889,1103639
3464,583173877,584285621,1111744
3465,584294738,585404421,1109683
3466,585412919,586533584,1120665
3467,586544432,587651643,1107211
3468,587660253,588770879,1110626
3469,588779202,589932715,1153513
3470,589944681,591056901,1112220
3471,591065504,592179267,1113763
3472,592187703,593322596,1134893
3473,593336580,594582506,1245926
3474,594600058,595715656,1115598
3475,595724582,596836070,1111488
3476,596844513,598068813,1224300
3477,598081946,599197118,1115172
3478,599205704,600319457,1113753
3479,600327922,601481098,1153176
3480,601494765,602610839,1116074
3481,602619713,603743307,1123594
3482,603752219,604867719,1115500
3483,604876292,606083726,1207434
3484,606096063,607211180,1115117
3485,607219723,608331591,1111868
3486,608339979,609503722,1163743
3487,609517875,610638473,1120598
3488,610647276,611763383,1116107
3489,611771938,612890894,1118956
3490,612899422,614093321,1193899
3491,614106016,615222040,1116024
3492,615230831,616351614,1120783
3493,616360111,617493589,1133478
3494,617504490,618626922,1122432
3495,618635568,619755025,1119457
3496,619763585,620880491,1116906
3497,620889031,622025481,1136450
3498,622036390,623158551,1122161
3499,623167179,624290701,1123522
3500,624299732,625439576,1139844
3501,625451449,626572533,1121084
3502,626581171,627707223,1126052
3503,627715984,628841002,1125018
3504,628849500,629987391,1137891
3505,629998382,631128342,1129960
3506,631137153,632261466,1124313
3507,632270150,633409865,1139715
3508,633421019,634545177,1124158
3509,634553775,635679861,1126086
3510,635688298,636811980,1123682
3511,636820561,637961138,1140577
3512,637973074,639098100,1125026
3513,639106730,640237279,1130549
3514,640245955,641377959,1132004
3515,641402523,642531372,1128849
3516,642540130,643674576,1134446
3517,643683655,644812251,1128596
3518,644820854,646004557,1183703
3519,646015884,647148312,1132428
3520,647156865,648295944,1139079
3521,648304890,649476441,1171551
3522,649488485,650623780,1135295
3523,650632518,651764498,1131980
3524,651773003,652904624,1131621
3525,652913149,654112567,1199418
3526,654123894,655256884,1132990
3527,655265432,656399877,1134445
3528,656408540,657609058,1200518
3529,657620059,658756194,1136135
3530,658764759,659907269,1142510
3531,659915826,661055168,1139342
3532,661063644,662300085,1236441
3533,662315715,663518920,1203205
3534,663528630,664672403,1143773
3535,664680973,665868673,1187700
3536,665880253,667024149,1143896
3537,667032937,668176800,1143863
3538,668185305,669331804,1146499
3539,669340345,670543607,1203262
3540,670554633,671702666,1148033
3541,671711183,672858798,1147615
3542,672867283,674042610,1175327
3543,674055325,675207142,1151817
3544,675215768,676367276,1151508
3545,676375797,677538301,1162504
3546,677549300,678707622,1158322
3547,678716481,679873014,1156533
3548,679881554,681037007,1155453
3549,681045495,682216776,1171281
3550,682227737,683387365,1159628
3551,683396394,684551819,1155425
3552,684560442,685733329,1172887
3553,685745318,686903770,1158452
3554,686912556,688069157,1156601
3555,688077760,689233832,1156072
3556,689242322,690415021,1172699
3557,690425839,691581809,1155970
3558,691590356,692807965,1217609
3559,692816884,693994297,1177413
3560,694005606,695172359,1166753
3561,695181172,696345005,1163833
3562,696353488,697537790,1184302
3563,697549979,698711181,1161202
3564,698719791,699886336,1166545
3565,699894874,701060639,1165765
3566,701069121,702246682,1177561
3567,702257586,703428498,1170912
3568,703437462,704601077,1163615
3569,704609675,705846667,1236992
3570,705857593,707024073,1166480
3571,707032818,708199473,1166655
3572,708208264,709393070,1184806
3573,709404941,710570696,1165755
3574,710579218,711750208,1170990
3575,711758613,712927789,1169176
3576,712936247,714122406,1186159
3577,714133625,715301743,1168118
3578,715310491,716483095,1172604
3579,716491974,717674634,1182660
3580,717685676,718854558,1168882
3581,718863314,720033953,1170639
3582,720042621,721293693,1251072
3583,721310623,722558030,1247407
3584,722571563,723803448,1231885
3585,723820995,725062751,1241756
3586,725079454,726309324,1229870
3587,726322223,727498791,1176568
3588,727520590,728703045,1182455
3589,728712500,729935432,1222932
3590,729947405,731124325,1176920
3591,731133013,732309965,1176952
3592,732318535,733522857,1204322
3593,733536191,734716624,1180433
3594,734725542,735906546,1181004
3595,735915287,737100313,1185026
3596,737109663,738383308,1273645
3597,738394725,739572133,1177408
3598,739580578,740761001,1180423
3599,740769338,742078633,1309295
3600,742089988,743272541,1182553
3601,743281114,744469387,1188273
3602,744478487,745790230,1311743
3603,745802582,746987580,1184998
3604,746996554,748178077,1181523
3605,748186670,749442482,1255812
3606,749453687,750668160,1214473
3607,750677302,751859822,1182520
3608,751868438,753054278,1185840
3609,753062894,754281751,1218857
3610,754293218,755481346,1188128
3611,755490228,756672304,1182076
3612,756680862,757926672,1245810
3613,757938689,759127371,1188682
3614,759135984,760325215,1189231
3615,760333730,761554539,1220809
3616,761565803,762755994,1190191
3617,762764605,763958978,1194373
3618,763967797,765165498,1197701
3619,765174562,766443498,1268936
3620,766454735,767649981,1195246
3621,767658486,768851118,1192632
3622,768859625,770165906,1306281
3623,770178107,771371305,1193198
3624,771379898,772579687,1199789
3625,772588456,773964906,1376450
3626,773976053,775177793,1201740
3627,775186920,776386659,1199739
3628,776395455,777607099,1211644
3629,777618123,778815912,1197789
3630,778824503,780022555,1198052
3631,780031113,781231733,1200620
3632,781240422,782462215,1221793
3633,782474482,783673444,1198962
3634,783682054,784888073,1206019
3635,784896951,786115934,1218983
3636,786126922,787328575,1201653
3637,787337191,788538333,1201142
3638,788546846,789767652,1220806
3639,789778516,790985329,1206813
3640,790993947,792203652,1209705
3641,792212227,793434932,1222705
3642,793446904,794656578,1209674
3643,794665302,795875170,1209868
3644,795884123,797094242,1210119
3645,797102772,798329262,1226490
3646,798340364,799549825,1209461
3647,799558401,800767840,1209439
3648,800776388,802003329,1226941
3649,802014045,803226328,1212283
3650,803235139,804445584,1210445
3651,804454274,805686921,1232647
3652,805699236,806912509,1213273
3653,806921047,808132448,1211401
3654,808141049,809365379,1224330
3655,809376342,810586448,1210106
3656,810595089,811810167,1215078
3657,811818965,813029602,1210637
3658,813038223,814261736,1223513
3659,814272699,815490636,1217937
3660,815499613,816714360,1214747
3661,816722883,817954249,1231366
3662,817966077,819180756,1214679
3663,819189437,820406612,1217175
3664,820415333,821646943,1231610
3665,821657819,822872749,1214930
3666,822881407,824098575,1217168
3667,824107295,825340238,1232943
3668,825351515,826566197,1214682
3669,826574798,827789409,1214611
3670,827797980,829015240,1217260
3671,829023926,830258337,1234411
3672,830270361,831489826,1219465
3673,831498487,832720020,1221533
3674,832728673,833965626,1236953
3675,833976577,835199178,1222601
3676,835207791,836434566,1226775
3677,836443430,837682520,1239090
3678,837693519,838977857,1284338
3679,838986876,840216957,1230081
3680,840225590,841470710,1245120
3681,841482702,842710690,1227988
3682,842719433,843946109,1226676
3683,843954677,845181881,1227204
3684,845190451,846471251,1280800
3685,846482603,847709597,1226994
3686,847718273,848944793,1226520
3687,848953443,850198836,1245393
3688,850209795,851436821,1227026
3689,851445426,852672525,1227099
3690,852681016,853924832,1243816
3691,853936662,855166576,1229914
3692,855175392,856410968,1235576
3693,856419784,857668174,1248390
3694,857679255,858974748,1295493
3695,858992117,860315232,1323115
3696,860329075,861577257,1248182
3697,861588554,862821006,1232452
3698,862829694,864068917,1239223
3699,864077638,865336908,1259270
3700,865348904,866591170,1242266
3701,866600103,867838111,1238008
3702,867846591,869088295,1241704
3703,869096905,870351087,1254182
3704,870361835,871607881,1246046
3705,871616715,872857314,1240599
3706,872865999,874119496,1253497
3707,874130302,875369848,1239546
3708,875378411,876625400,1246989
3709,876634577,877891767,1257190
3710,877903730,879151015,1247285
3711,879159706,880405482,1245776
3712,880425928,881684728,1258800
3713,881696158,882940144,1243986
3714,882948660,884192498,1243838
3715,884201059,885460871,1259812
3716,885471734,886716781,1245047
3717,886725337,887976663,1251326
3718,887985577,889250837,1265260
3719,889263244,890507995,1244751
3720,890516383,891764061,1247678
3721,891772601,893020753,1248152
3722,893029328,894295137,1265809
3723,894306181,895555849,1249668
3724,895564412,896811962,1247550
3725,896820407,898136569,1316162
3726,898153359,899402556,1249197
3727,899411219,900660405,1249186
3728,900668743,901965421,1296678
3729,901977883,903231089,1253206
3730,903239742,904561753,1322011
3731,904573744,905896035,1322291
3732,905907425,907162896,1255471
3733,907171730,908432286,1260556
3734,908441373,909762085,1320712
3735,909773016,911032643,1259627
3736,911041083,912297768,1256685
3737,912306130,913631203,1325073
3738,913643234,914901224,1257990
3739,914909644,916170626,1260982
3740,916179352,917453664,1274312
3741,917464750,918734123,1269373
3742,918743047,920007507,1264460
3743,920015980,921292011,1276031
3744,921303007,922564453,1261446
3745,922573068,923834284,1261216
3746,923842839,925106312,1263473
3747,925115031,926392914,1277883
3748,926405010,927669476,1264466
3749,927678139,928946504,1268365
3750,928955455,930231433,1275978
3751,930242347,931505046,1262699
3752,931513594,932781019,1267425
3753,932789579,934069705,1280126
3754,934080596,935342460,1261864
3755,935351031,936615905,1264874
3756,936624563,937905761,1281198
3757,937918095,939183716,1265621
3758,939192700,940454256,1261556
3759,940462779,941790518,1327739
3760,941801422,943063367,1261945
3761,943071932,944333566,1261634
3762,944342129,945621841,1279712
3763,945632804,946905156,1272352
3764,946913927,948181631,1267704
3765,948190033,949476868,1286835
3766,949489220,950762905,1273685
3767,950771673,952038717,1267044
3768,952047225,953332202,1284977
3769,953343304,954613415,1270111
3770,954621818,955898666,1276848
3771,955907397,957198130,1290733
3772,957209091,958483162,1274071
3773,958491778,959773399,1281621
3774,959782255,961057304,1275049
3775,961065681,962358452,1292771
3776,962370528,963651631,1281103
3777,963660302,964935766,1275464
3778,964944224,966237997,1293773
3779,966249015,967523598,1274583
3780,967532314,968813687,1281373
3781,968822340,970118795,1296455
3782,970130244,971409786,1279542
3783,971418279,972700046,1281767
3784,972708644,974005212,1296568
3785,974017290,975299548,1282258
3786,975308009,976590943,1282934
3787,976599434,977895668,1296234
3788,977906849,979187052,1280203
3789,979195590,980479906,1284316
3790,980488815,981785166,1296351
3791,981796060,983075015,1278955
3792,983083606,984363603,1279997
3793,984372149,985674603,1302454
3794,985687028,986973138,1286110
3795,986981926,988268587,1286661
3796,988277138,989575421,1298283
3797,989586232,990876474,1290242
3798,990885471,992173485,1288014
3799,992182026,993482873,1300847
3800,993493661,994784187,1290526
3801,994792760,996084109,1291349
3802,996092592,997401988,1309396
3803,997414220,998707284,1293064
3804,998716027,10983,-998705044
3805,19618,1329695,1310077
3806,1341263,2633748,1292485
3807,2642331,3936956,1294625
3808,3945421,5254526,1309105
3809,5265219,6558757,1293538
3810,6567342,7864939,1297597
3811,7873317,9182446,1309129
3812,9194216,10487228,1293012
3813,10495936,11792488,1296552
3814,11801344,13096150,1294806
3815,13105016,14411291,1306275
3816,14422180,15718637,1296457
3817,15727157,17024830,1297673
3818,17033315,18343309,1309994
3819,18354125,19647041,1292916
3820,19655749,20948768,1293019
3821,20957379,22273427,1316048
3822,22285859,23583684,1297825
3823,23592325,24892729,1300404
3824,24901154,26268570,1367416
3825,26279408,27582900,1303492
3826,27591568,28893453,1301885
3827,28901981,30219413,1317432
3828,30230311,31531753,1301442
3829,31540468,32846664,1306196
3830,32855407,34174107,1318700
3831,34186136,35495641,1309505
3832,35504320,36810194,1305874
3833,36818614,38135096,1316482
3834,38145960,39455087,1309127
3835,39463680,40769662,1305982
3836,40778298,42098098,1319800
3837,42108899,43419678,1310779
3838,43428524,44743663,1315139
3839,44761002,46085355,1324353
3840,46097729,47438647,1340918
3841,47447619,48756100,1308481
3842,48764870,50086164,1321294
3843,50097246,51403702,1306456
3844,51412302,52721793,1309491
3845,52730546,54062124,1331578
3846,54073607,55380075,1306468
3847,55388656,56697342,1308686
3848,56705887,58033037,1327150
3849,58045124,59356058,1310934
3850,59364490,60675219,1310729
3851,60683659,62013872,1330213
3852,62025023,63340192,1315169
3853,63348936,64671452,1322516
3854,64680349,66015596,1335247
3855,66026454,67345410,1318956
3856,67353903,68675028,1321125
3857,68683423,70024043,1340620
3858,70036242,71355448,1319206
3859,71363971,72682836,1318865
3860,72691339,74027721,1336382
3861,74038718,75364680,1325962
3862,75373724,76695933,1322209
3863,76704588,78038089,1333501
3864,78049042,79375493,1326451
3865,79384167,80706906,1322739
3866,80715384,82054756,1339372
3867,82066757,83394097,1327340
3868,83402761,84735404,1332643
3869,84744140,86085501,1341361
3870,86097036,87420322,1323286
3871,87428953,88754437,1325484
3872,88763170,90100407,1337237
3873,90110967,91438047,1327080
3874,91446640,92772836,1326196
3875,92781489,94124956,1343467
3876,94137132,95461957,1324825
3877,95470627,96799011,1328384
3878,96808067,98156578,1348511
3879,98167838,99497008,1329170
3880,99505583,100834062,1328479
3881,100842552,102248453,1405901
3882,102259617,103592531,1332914
3883,103601066,104945555,1344489
3884,104954219,106355803,1401584
3885,106368072,107704776,1336704
3886,107713612,109046445,1332833
3887,109054923,110461937,1407014
3888,110473018,111811706,1338688
3889,111820449,113224380,1403931
3890,113235953,114576385,1340432
3891,114585090,115923826,1338736
3892,115932557,117285195,1352638
3893,117297256,118642307,1345051
3894,118651474,119991429,1339955
3895,119999970,121419085,1419115
3896,121430392,122766887,1336495
3897,122775450,124116914,1341464
3898,124125434,125536369,1410935
3899,125547631,126885638,1338007
3900,126894218,128235697,1341479
3901,128244714,129603635,1358921
3902,129616040,130958797,1342757
3903,130967433,132305314,1337881
3904,132313944,133726521,1412577
3905,133737680,135078889,1341209
3906,135087657,136425949,1338292
3907,136434492,137854639,1420147
3908,137865758,139212879,1347121
3909,139221850,140584382,1362532
3910,140597313,141957908,1360595
3911,141970407,143315789,1345382
3912,143324630,144677241,1352611
3913,144686009,146079921,1393912
3914,146091123,147440208,1349085
3915,147448841,148795719,1346878
3916,148804279,150239823,1435544
3917,150251448,151600378,1348930
3918,151609034,152976039,1367005
3919,152996343,154349926,1353583
3920,154358774,155716806,1358032
3921,155725329,157153673,1428344
3922,157165143,158519719,1354576
3923,158528352,159882907,1354555
3924,159891495,161271650,1380155
3925,161282952,162645597,1362645
3926,162654195,164013088,1358893
3927,164021593,165403452,1381859
3928,165415804,166775043,1359239
3929,166783749,168145918,1362169
3930,168154636,169531540,1376904
3931,169542534,170908587,1366053
3932,170917420,172293021,1375601
3933,172302085,173683891,1381806
3934,173695065,175069115,1374050
3935,175077966,176445362,1367396
3936,176454005,177842643,1388638
3937,177854852,179225664,1370812
3938,179234379,180602272,1367893
3939,180610920,181996866,1385946
3940,182008366,183382089,1373723
3941,183390780,184762098,1371318
3942,184770596,186151846,1381250
3943,186162832,187531075,1368243
3944,187539510,188933537,1394027
3945,188945633,190318134,1372501
3946,190326783,191758685,1431902
3947,191768263,193216663,1448400
3948,193245675,194639178,1393503
3949,194651838,196028367,1376529
3950,196037022,197435272,1398250
3951,197446466,198826170,1379704
3952,198835462,200211589,1376127
3953,200220057,201662839,1442782
3954,201675377,203058243,1382866
3955,203066826,204452333,1385507
3956,204461467,205902449,1440982
3957,205913611,207294030,1380419
3958,207302814,208689504,1386690
3959,208698077,210138547,1440470
3960,210149293,211529317,1380024
3961,211537910,212981054,1443144
3962,212993108,214379898,1386790
3963,214389070,215773259,1384189
3964,215782163,217174115,1391952
3965,217185152,218623901,1438749
3966,218646317,220027503,1381186
3967,220036507,221428219,1391712
3968,221439175,222821936,1382761
3969,222830584,224216327,1385743
3970,224224910,225634093,1409183
3971,225646655,227028631,1381976
3972,227037335,228423689,1386354
3973,228432317,229830920,1398603
3974,229841919,231224925,1383006
3975,231233586,232616131,1382545
3976,232624663,234026532,1401869
3977,234037518,235423594,1386076
3978,235432327,236818163,1385836
3979,236826941,238233586,1406645
3980,238245752,239629382,1383630
3981,239637950,241038864,1400914
3982,241050096,242433470,1383374
3983,242442011,243830159,1388148
3984,243839015,245239237,1400222
3985,245250146,246634195,1384049
3986,246642778,248069656,1426878
3987,248079023,249535036,1456013
3988,249547083,250930442,1383359
3989,250939027,252328396,1389369
3990,252336982,253738637,1401655
3991,253749418,255136810,1387392
3992,255145408,256536102,1390694
3993,256544625,257955029,1410404
3994,257966246,259354514,1388268
3995,259363095,260751093,1387998
3996,260759648,262172315,1412667
3997,262184647,263572445,1387798
3998,263581121,264982643,1401522
3999,264993589,266387319,1393730
4000,266396004,267786731,1390727
4001,267795359,269201370,1406011
4002,269212622,270607539,1394917
4003,270616162,272010606,1394444
4004,272019264,273432016,1412752
4005,273443985,274840287,1396302
4006,274848905,276255538,1406633
4007,276264249,277739595,1475346
4008,277750551,279151260,1400709
4009,279159983,280570921,1410938
4010,280580040,281994393,1414353
4011,282005377,283405634,1400257
4012,283414297,284820166,1405869
4013,284828936,286249304,1420368
4014,286261298,287666327,1405029
4015,287674927,289100274,1425347
4016,289111376,290520547,1409171
4017,290529478,291934705,1405227
4018,291943240,293366710,1423470
4019,293377724,294783422,1405698
4020,294792005,296204992,1412987
4021,296213613,297645278,1431665
4022,297657322,299073828,1416506
4023,299082399,300495943,1413544
4024,300504505,301939283,1434778
4025,301950775,303367464,1416689
4026,303376335,304790210,1413875
4027,304798891,306231936,1433045
4028,306242952,307663839,1420887
4029,307672530,309106535,1434005
4030,309118514,310540488,1421974
4031,310549121,311973771,1424650
4032,311982810,313415585,1432775
4033,313426426,314850297,1423871
4034,314859050,316277654,1418604
4035,316286087,317724169,1438082
4036,317735226,319156536,1421310
4037,319165256,320583522,1418266
4038,320591947,322161985,1570038
4039,322180842,323656016,1475174
4040,323669410,325105756,1436346
4041,325117221,326540330,1423109
4042,326549066,327975190,1426124
4043,327983853,329416841,1432988
4044,329427892,330853127,1425235
4045,330861870,332282276,1420406
4046,332290563,333727130,1436567
4047,333739369,335168961,1429592
4048,335177960,336596915,1418955
4049,336605360,338099544,1494184
4050,338110753,339539829,1429076
4051,339548399,340988043,1439644
4052,340999084,342427153,1428069
4053,342435924,343866626,1430702
4054,343875084,345327213,1452129
4055,345339660,346768393,1428733
4056,346777063,348211968,1434905
4057,348220516,349665437,1444921
4058,349676554,351112404,1435850
4059,351120957,352553343,1432386
4060,352561969,354009694,1447725
4061,354020570,355462414,1441844
4062,355471165,356924434,1453269
4063,356936638,358428068,1491430
4064,358441076,359881597,1440521
4065,359890476,361339547,1449071
4066,361350789,362787200,1436411
4067,362796011,364231961,1435950
4068,364240702,365687861,1447159
4069,365698955,367146177,1447222
4070,367155303,368594749,1439446
4071,368603467,370057020,1453553
4072,370069096,371506324,1437228
4073,371515123,372965728,1450605
4074,372976792,374417931,1441139
4075,374426727,375864008,1437281
4076,375872403,377325930,1453527
4077,377336931,378785734,1448803
4078,378794986,380232595,1437609
4079,380241050,381701980,1460930
4080,381714495,383156988,1442493
4081,383165519,384606523,1441004
4082,384615091,386075522,1460431
4083,386086370,387531121,1444751
4084,387539940,389004085,1464145
4085,389015745,390461706,1445961
4086,390470440,391914822,1444382
4087,391923523,393387177,1463654
4088,393399203,394842119,1442916
4089,394850662,396295666,1445004
4090,396314378,397776198,1461820
4091,397787620,399233383,1445763
4092,399242134,400699287,1457153
4093,400708509,402169288,1460779
4094,402180237,403631225,1450988
4095,403639761,405112915,1473154
4096,405124981,406576584,1451603
4097,406585325,408040325,1455000
4098,408048913,409520919,1472006
4099,409531938,410987437,1455499
4100,410996556,412455295,1458739
4101,412463959,413933594,1469635
4102,413944578,415407261,1462683
4103,415416130,416888777,1472647
4104,416900765,418361071,1460306
4105,418369667,419831285,1461618
4106,419840099,421310699,1470600
4107,421321640,422787263,1465623
4108,422796418,424255831,1459413
4109,424264610,425737929,1473319
4110,425748980,427205705,1456725
4111,427214358,428673889,1459531
4112,428682597,430166256,1483659
4113,430178408,431640041,1461633
4114,431648722,433134719,1485997
4115,433146231,434607642,1461411
4116,434616220,436080851,1464631
4117,436089359,437566823,1477464
4118,437577834,439039380,1461546
4119,439047723,440515686,1467963
4120,440524329,442001475,1477146
4121,442013280,443480182,1466902
4122,443489206,444968617,1479411
4123,444979914,446441628,1461714
4124,446450321,447917947,1467626
4125,447926647,449436075,1509428
4126,449446941,450916980,1470039
4127,450925856,452390091,1464235
4128,452398910,453885250,1486340
4129,453897475,455367706,1470231
4130,455376690,456863805,1487115
4131,456874969,458349303,1474334
4132,458358177,459828160,1469983
4133,459836723,461330511,1493788
4134,461341375,462815741,1474366
4135,462824309,464301833,1477524
4136,464310464,465804135,1493671
4137,465816324,467300466,1484142
4138,467309583,468798587,1489004
4139,468809486,470284987,1475501
4140,470293708,471781870,1488162
4141,471790631,473340631,1550000
4142,473351803,474840330,1488527
4143,474848913,476330861,1481948
4144,476339657,477843034,1503377
4145,477855574,479335477,1479903
4146,479344195,480844351,1500156
4147,480855420,482338818,1483398
4148,482347544,483830380,1482836
4149,483839099,485335277,1496178
4150,485346214,486825935,1479721
4151,486834564,488321706,1487142
4152,488330637,489829989,1499352
4153,489841917,491326511,1484594
4154,491335204,492837129,1501925
4155,492852335,494343700,1491365
4156,494355691,495840631,1484940
4157,495849544,497353760,1504216
4158,497364969,498856386,1491417
4159,498864989,500361148,1496159
4160,500370353,501880969,1510616
4161,501892892,503395952,1503060
4162,503404733,504910575,1505842
4163,504921574,506414896,1493322
4164,506423584,507920221,1496637
4165,507928812,509433383,1504571
4166,509444128,510945229,1501101
4167,510954240,512447429,1493189
4168,512456125,513974918,1518793
4169,513987199,515480747,1493548
4170,515489498,517002013,1512515
4171,517013217,518509942,1496725
4172,518518911,520017255,1498344
4173,520026001,521533755,1507754
4174,521544613,523049229,1504616
4175,523058431,524555988,1497557
4176,524564807,526077763,1512956
4177,526089629,527586842,1497213
4178,527595601,529110853,1515252
4179,529121791,530620105,1498314
4180,530628786,532132106,1503320
4181,532140957,533657420,1516463
4182,533668879,535173889,1505010
4183,535182580,536683926,1501346
4184,536692532,538210965,1518433
4185,538223939,539782070,1558131
4186,539791009,541310067,1519058
4187,541321292,542820533,1499241
4188,542829051,544332905,1503854
4189,544341724,545861429,1519705
4190,545872492,547374685,1502193
4191,547383411,548902021,1518610
4192,548914308,550414474,1500166
4193,550423220,551928886,1505666
4194,551937679,553451237,1513558
4195,553462193,554965015,1502822
4196,554973754,556483166,1509412
4197,556492235,558015624,1523389
4198,558026753,559526831,1500078
4199,559535502,561110756,1575254
4200,561123281,562623700,1500419
4201,562632318,564136772,1504454
4202,564145422,565667054,1521632
4203,565678369,567193636,1515267
4204,567202853,568721124,1518271
4205,568731915,570243247,1511332
4206,570252008,571756795,1504787
4207,571765343,573289599,1524256
4208,573301587,574808925,1507338
4209,574817510,576328783,1511273
4210,576337544,577860000,1522456
4211,577871482,579382258,1510776
4212,579390979,580914345,1523366
4213,580925269,582437686,1512417
4214,582454755,583967039,1512284
4215,583975933,585505836,1529903
4216,585518125,587031264,1513139
4217,587039937,588555061,1515124
4218,588563815,590096739,1532924
4219,590108223,591625051,1516828
4220,591633722,593185679,1551957
4221,593200447,594725660,1525213
4222,594734641,596253191,1518550
4223,596261653,597804366,1542713
4224,597816758,599337868,1521110
4225,599346514,600889051,1542537
4226,600900744,602420165,1519421
4227,602428751,603954628,1525877
4228,603963404,605496483,1533079
4229,605507550,607036299,1528749
4230,607045007,608573703,1528696
4231,608582487,610125246,1542759
4232,610137480,611669316,1531836
4233,611678212,613225851,1547639
4234,613237076,614768203,1531127
4235,614776746,616305525,1528779
4236,616314073,617859987,1545914
4237,617871457,619402993,1531536
4238,619411696,620960024,1548328
4239,620972251,622503746,1531495
4240,622512342,624048513,1536171
4241,624057337,625603164,1545827
4242,625614534,627153068,1538534
4243,627161907,628708809,1546902
4244,628719931,630265708,1545777
4245,630274564,631814121,1539557
4246,631822589,633379132,1556543
4247,633390932,634932377,1541445
4248,634941295,636484752,1543457
4249,636493310,638046720,1553410
4250,638057649,639599013,1541364
4251,639607912,641166366,1558454
4252,641177724,642715958,1538234
4253,642724606,644265975,1541369
4254,644274623,645837842,1563219
4255,645850264,647400289,1550025
4256,647409178,648965655,1556477
4257,648977037,650586436,1609399
4258,650595731,652144027,1548296
4259,652152890,653709531,1556641
4260,653720307,655270148,1549841
4261,655278794,656848802,1570008
4262,656861106,658416371,1555265
4263,658425089,659976908,1551819
4264,659985443,661560508,1575065
4265,661571695,663125661,1553966
4266,663134179,664699124,1564945
4267,664710153,666267764,1557611
4268,666276775,667828100,1551325
4269,667836663,669412127,1575464
4270,669424223,670979352,1555129
4271,670987940,672553302,1565362
4272,672561990,674134674,1572684
4273,674145572,675704654,1559082
4274,675713437,677290346,1576909
4275,677301247,678861904,1560657
4276,678870523,680441415,1570892
4277,680450709,682028568,1577859
4278,682040517,683608294,1567777
4279,683617050,685198028,1580978
4280,685208994,686769935,1560941
4281,686778491,688342867,1564376
4282,688351410,689928597,1577187
4283,689939726,691515482,1575756
4284,691524576,693169493,1644917
4285,693181624,694750288,1568664
4286,694758894,696327022,1568128
4287,696335575,697914837,1579262
4288,697926046,699498259,1572213
4289,699506854,701088216,1581362
4290,701099067,702673831,1574764
4291,702682850,704261794,1578944
4292,704270695,705857251,1586556
4293,705869498,707444537,1575039
4294,707453075,709042882,1589807
4295,709053911,710624081,1570170
4296,710632632,712205278,1572646
4297,712213823,713805342,1591519
4298,713817060,715399640,1582580
4299,715408376,717003418,1595042
4300,717015647,718593544,1577897
4301,718602244,720180196,1577952
4302,720188658,721808259,1619601
4303,721819243,723399640,1580397
4304,723408256,725007926,1599670
4305,725019652,726595200,1575548
4306,726603861,728184015,1580154
4307,728192691,729785475,1592784
4308,729797787,731376378,1578591
4309,731385116,732980043,1594927
4310,732991192,734567535,1576343
4311,734576095,736157956,1581861
4312,736166646,737760265,1593619
4313,737771424,739352902,1581478
4314,739361627,740957397,1595770
4315,740969486,742546164,1576678
4316,742554695,744137818,1583123
4317,744146532,745740336,1593804
4318,745751545,747332035,1580490
4319,747340626,748940752,1600126
4320,748952212,750528880,1576668
4321,750537566,752118542,1580976
4322,752127110,753728104,1600994
4323,753740414,755316593,1576179
4324,755325379,756918976,1593597
4325,756929972,758512732,1582760
4326,758521591,760105847,1584256
4327,760114776,761732407,1617631
4328,761743709,763327068,1583359
4329,763335950,764936730,1600780
4330,764948799,766530933,1582134
4331,766539524,768130183,1590659
4332,768138914,769786128,1647214
4333,769797169,771383298,1586129
4334,771392216,773045615,1653399
4335,773056807,774641895,1585088
4336,774650506,776233048,1582542
4337,776241614,777896358,1654744
4338,777918053,779507597,1589544
4339,779516596,781168982,1652386
4340,781180229,782781263,1601034
4341,782790412,784381475,1591063
4342,784389963,785999703,1609740
4343,786010887,787607074,1596187
4344,787615935,789223066,1607131
4345,789234924,790832623,1597699
4346,790841456,792435078,1593622
4347,792443813,794115932,1672119
4348,794127407,795721878,1594471
4349,795730556,797338010,1607454
4350,797348909,798954170,1605261
4351,798962896,800565354,1602458
4352,800573964,802219950,1645986
4353,802232320,803832610,1600290
4354,803841346,805457987,1616641
4355,805469619,807069045,1599426
4356,807077710,808720015,1642305
4357,808731192,810327903,1596711
4358,810336484,811946341,1609857
4359,811955017,813574765,1619748
4360,813587062,815187515,1600453
4361,815196125,816822094,1625969
4362,816833463,818443496,1610033
4363,818452593,820053444,1600851
4364,820062192,821743804,1681612
4365,821755058,823366778,1611720
4366,823375523,824992021,1616498
4367,825003844,826616634,1612790
4368,826625275,828233105,1607830
4369,828241821,829912378,1670557
4370,829923900,831537697,1613797
4371,831546461,833240695,1694234
4372,833252117,834857975,1605858
4373,834866505,836478302,1611797
4374,836487169,838233941,1746772
4375,838246273,839856842,1610569
4376,839865475,841565691,1700216
4377,841577399,843190717,1613318
4378,843199453,844875834,1676381
4379,844887013,846503873,1616860
4380,846512844,848126551,1613707
4381,848135284,849763175,1627891
4382,849775029,851427385,1652356
4383,851436687,853116246,1679559
4384,853127917,854739035,1611118
4385,854747628,856367396,1619768
4386,856376240,858082207,1705967
4387,858101576,859888020,1786444
4388,859903883,861541737,1637854
4389,861554843,863168878,1614035
4390,863177772,864871214,1693442
4391,864883203,866504492,1621289
4392,866513404,868131917,1618513
4393,868140460,869818909,1678449
4394,869829855,871451603,1621748
4395,871460524,873147265,1686741
4396,873159875,874776138,1616263
4397,874784806,876411076,1626270
4398,876420456,878112384,1691928
4399,878123771,879743908,1620137
4400,879752509,881456471,1703962
4401,881467968,883092238,1624270
4402,883101024,884737976,1636952
4403,884749970,886378988,1629018
4404,886388014,888020213,1632199
4405,888029252,889664746,1635494
4406,889675694,891308983,1633289
4407,891317811,892955939,1638128
4408,892967158,894588546,1621388
4409,894597244,896224566,1627322
4410,896233627,897879499,1645872
4411,897891768,899525523,1633755
4412,899534574,901179708,1645134
4413,901190730,902831960,1641230
4414,902851431,904497696,1646265
4415,904509361,906139131,1629770
4416,906147977,907777582,1629605
4417,907785994,909431669,1645675
4418,909444059,911081071,1637012
4419,911090331,912735066,1644735
4420,912746140,914375412,1629272
4421,914384113,916013514,1629401
4422,916022228,917671339,1649111
4423,917682320,919316090,1633770
4424,919324758,920982425,1657667
4425,920994596,922636778,1642182
4426,922645717,924284133,1638416
4427,924292914,925948220,1655306
4428,925959392,927595429,1636037
4429,927604110,929258323,1654213
4430,929269705,930911622,1641917
4431,930920388,932642769,1722381
4432,932655159,934300528,1645369
4433,934309695,935950592,1640897
4434,935959526,937654629,1695103
4435,937665798,939306001,1640203
4436,939314641,941027349,1712708
4437,941038797,942682029,1643232
4438,942690717,944327431,1636714
4439,944335974,945999514,1663540
4440,946012417,947652743,1640326
4441,947661499,949312128,1650629
4442,949322934,950970241,1647307
4443,950979228,952637729,1658501
4444,952648800,954293879,1645079
4445,954302530,955949190,1646660
4446,955957886,957622622,1664736
4447,957635199,959282328,1647129
4448,959291127,960951806,1660679
4449,960962664,962618040,1655376
4450,962626736,964278601,1651865
4451,964287417,965953334,1665917
4452,965964245,967615235,1650990
4453,967623853,969300150,1676297
4454,969312825,970968164,1655339
4455,970976802,972641638,1664836
4456,972652900,974309574,1656674
4457,974318280,975976050,1657770
4458,975984876,977709620,1724744
4459,977720549,979379067,1658518
4460,979387638,981070432,1682794
4461,981083208,982742388,1659180
4462,982762396,984440336,1677940
4463,984451778,986108367,1656589
4464,986116993,987784994,1668001
4465,987793527,989495599,1702072
4466,989506894,991167806,1660912
4467,991176341,992860897,1684556
4468,992873370,994540511,1667141
4469,994549222,996212808,1663586
4470,996221519,997929894,1708375
4471,997941023,999608739,1667716
4472,999617682,1298281,-998319401
4473,1309704,2974407,1664703
4474,2983105,4666992,1683887
4475,4679572,6344270,1664698
4476,6352893,8016807,1663914
4477,8025268,9711109,1685841
4478,9722639,11384576,1661937
4479,11393074,13070287,1677213
4480,13081378,14748054,1666676
4481,14756848,16442140,1685292
4482,16454750,18121448,1666698
4483,18130184,19804999,1674815
4484,19813760,21500208,1686448
4485,21511289,23185002,1673713
4486,23193735,24880832,1687097
4487,24891928,26564922,1672994
4488,26573542,28251066,1677524
4489,28259993,29951465,1691472
4490,29963639,31638597,1674958
4491,31647408,33336003,1688595
4492,33347029,35023123,1676094
4493,35031961,36719777,1687816
4494,36730603,38406877,1676274
4495,38415392,40101076,1685684
4496,40110147,41809614,1699467
4497,41821771,43503365,1681594
4498,43512008,45204715,1692707
4499,45216027,46892862,1676835
4500,46901523,48599215,1697692
4501,48610329,50290319,1679990
4502,50298912,52047802,1748890
4503,52057224,53756640,1699416
4504,53768797,55448802,1680005
4505,55457435,57203770,1746335
4506,57219668,58902706,1683038
4507,58911692,60604763,1693071
4508,60615905,62301135,1685230
4509,62309903,64005154,1695251
4510,64014527,65716552,1702025
4511,65729094,67413241,1684147
4512,67422107,69120965,1698858
4513,69132112,70816991,1684879
4514,70825699,72529631,1703932
4515,72540803,74232889,1692086
4516,74241750,75935483,1693733
4517,75944462,77650491,1706029
4518,77662653,79358889,1696236
4519,79367645,81123296,1755651
4520,81134465,82833340,1698875
4521,82842111,84554743,1712632
4522,84565765,86268213,1702448
4523,86277089,87980022,1702933
4524,87988955,89712164,1723209
4525,89724310,91427756,1703446
4526,91436610,93151207,1714597
4527,93162301,94868321,1706020
4528,94877137,96593358,1716221
4529,96604455,98315672,1711217
4530,98325039,100030913,1705874
4531,100039842,101756287,1716445
4532,101768320,103471591,1703271
4533,103480344,105200004,1719660
4534,105211053,106914030,1702977
4535,106922841,108646142,1723301
4536,108657339,110362341,1705002
4537,110371438,112074485,1703047
4538,112083191,113814768,1731577
4539,113827133,115531789,1704656
4540,115540540,117259019,1718479
4541,117270334,118973978,1703644
4542,118982536,120704218,1721682
4543,120715296,122424719,1709423
4544,122434099,124166409,1732310
4545,124180107,125903279,1723172
4546,125915947,127617972,1702025
4547,127626768,129348016,1721248
4548,129359020,131072495,1713475
4549,131081261,132804344,1723083
4550,132815275,134536827,1721552
4551,134546116,136260413,1714297
4552,136269214,138000104,1730890
4553,138012431,139735965,1723534
4554,139744936,141476116,1731180
4555,141487182,143200938,1713756
4556,143209480,144939036,1729556
4557,144950273,146665114,1714841
4558,146674120,148404924,1730804
4559,148417118,150135753,1718635
4560,150144667,151858969,1714302
4561,151867634,153599636,1732002
4562,153610707,155332813,1722106
4563,155341566,157072152,1730586
4564,157083068,158806374,1723306
4565,158815298,160554239,1738941
4566,160566375,162285576,1719201
4567,162294324,164019254,1724930
4568,164028005,165766146,1738141
4569,165777320,167498348,1721028
4570,167506996,169246854,1739858
4571,169257873,170986254,1728381
4572,170995142,172735652,1740510
4573,172747971,174474785,1726814
4574,174483479,176211383,1727904
4575,176220239,177955894,1735655
4576,177967006,179693865,1726859
4577,179702556,181445316,1742760
4578,181457061,183183362,1726301
4579,183192012,184935872,1743860
4580,184948041,186676880,1728839
4581,186685956,188422108,1736152
4582,188433264,190161236,1727972
4583,190170035,191952890,1782855
4584,191961902,193776939,1815037
4585,193793504,195583982,1790478
4586,195607809,197366854,1759045
4587,197379719,199106977,1727258
4588,199115620,200864134,1748514
4589,200875313,202607442,1732129
4590,202630049,204377530,1747481
4591,204389466,206128562,1739096
4592,206137591,207872702,1735111
4593,207881253,209639309,1758056
4594,209652243,211384668,1732425
4595,211393338,213142358,1749020
4596,213153239,214891130,1737891
4597,214899828,216648762,1748934
4598,216659789,218526081,1866292
4599,218544582,220331355,1786773
4600,220347912,222161521,1813609
4601,222178714,223967196,1788482
4602,223985146,225848494,1863348
4603,225866667,227610053,1743386
4604,227620100,229477140,1857040
4605,229489329,231248094,1758765
4606,231257479,233082525,1825046
4607,233095080,234840426,1745346
4608,234849380,236831037,1981657
4609,236852739,238672061,1819322
4610,238689546,240576976,1887430
4611,240594623,242377992,1783369
4612,242393439,244148480,1755041
4613,244159103,246107915,1948812
4614,246122384,247868094,1745710
4615,247877005,249797797,1920792
4616,249811715,251557425,1745710
4617,251566306,253453854,1887548
4618,253468451,255222801,1754350
4619,255231838,257063714,1831876
4620,257080076,258825507,1745431
4621,258834554,260660702,1826148
4622,260672360,262426407,1754047
4623,262435411,264288356,1852945
4624,264300034,266051256,1751222
4625,266060073,267822697,1762624
4626,267831984,269601062,1769078
4627,269613422,271364579,1751157
4628,271373330,273189825,1816495
4629,273201007,274951571,1750564
4630,274960276,276810630,1850354
4631,276822070,278575733,1753663
4632,278584487,280372617,1788130
4633,280387473,282140161,1752688
4634,282148952,283902623,1753671
4635,283911474,285676800,1765326
4636,285688222,287442372,1754150
4637,287451128,289220080,1768952
4638,289231031,290991425,1760394
4639,291000379,292772930,1772551
4640,292785330,294547318,1761988
4641,294556144,296331293,1775149
4642,296342244,298106704,1764460
4643,298115630,299876959,1761329
4644,299885630,301677877,1792247
4645,301691565,303464920,1773355
4646,303474065,305258965,1784900
4647,305271342,307037214,1765872
4648,307046133,308828149,1782016
4649,308839436,310602883,1763447
4650,310611624,312399281,1787657
4651,312410237,314185862,1775625
4652,314194919,315974710,1779791
4653,315983621,317774891,1791270
4654,317787223,319565112,1777889
4655,319574045,321506175,1932130
4656,321524553,323344442,1819889
4657,323357819,325151212,1793393
4658,325163068,326943175,1780107
4659,326951798,328767261,1815463
4660,328782024,330559494,1777470
4661,330568100,332364480,1796380
4662,332375571,334159504,1783933
4663,334168348,335953667,1785319
4664,335962320,337818054,1855734
4665,337829514,339622602,1793088
4666,339631969,341434513,1802544
4667,341446692,343231883,1785191
4668,343240629,345042781,1802152
4669,345054003,346842554,1788551
4670,346851155,348650437,1799282
4671,348661388,350449446,1788058
4672,350458513,352261825,1803312
4673,352273944,354062979,1789035
4674,354071700,355858703,1787003
4675,355867158,357701930,1834772
4676,357721211,359527788,1806577
4677,359538719,361345684,1806965
4678,361356783,363149572,1792789
4679,363158193,364973757,1815564
4680,364986625,366782048,1795423
4681,366790764,368603919,1813155
4682,368615279,370413634,1798355
4683,370422695,372232859,1810164
4684,372244093,374039486,1795393
4685,374047986,375850105,1802119
4686,375859352,377671680,1812328
4687,377684007,379479831,1795824
4688,379488567,381304459,1815892
4689,381315938,383112389,1796451
4690,383121215,384949654,1828439
4691,384963490,386759877,1796387
4692,386768343,388589063,1820720
4693,388601595,390405729,1804134
4694,390414670,392235890,1821220
4695,392247563,394049135,1801572
4696,394057691,395862955,1805264
4697,395871655,397688602,1816947
4698,397699799,399500898,1801099
4699,399509313,401334141,1824828
4700,401346881,403151982,1805101
4701,403160781,404976264,1815483
4702,404987391,406791166,1803775
4703,406800082,408614939,1814857
4704,408625815,410446791,1820976
4705,410458289,412291161,1832872
4706,412304074,414114197,1810123
4707,414122888,415931204,1808316
4708,415939760,417759787,1820027
4709,417770931,419577879,1806948
4710,419586534,421409365,1822831
4711,421420437,423226625,1806188
4712,423235328,425062863,1827535
4713,425075621,426888310,1812689
4714,426910175,428732921,1822746
4715,428744416,430547945,1803529
4716,430556604,432379670,1823066
4717,432390889,434198489,1807600
4718,434207044,436013586,1806542
4719,436022229,437871054,1848825
4720,437885742,439694489,1808747
4721,439703165,441529339,1826174
4722,441540443,443353362,1812919
4723,443361950,445187663,1825713
4724,445198664,447017932,1819268
4725,447026620,448868674,1842054
4726,448881514,450698261,1816747
4727,450707024,452541520,1834496
4728,452552827,454404627,1851800
4729,454413679,456244933,1831254
4730,456256009,458080521,1824512
4731,458089347,459913486,1824139
4732,459922089,461780420,1858331
4733,461794734,463619199,1824465
4734,463628105,465528093,1899988
4735,465539395,467369067,1829672
4736,467377785,469218160,1840375
4737,469229300,471059425,1830125
4738,471068189,472914900,1846711
4739,472927360,474759312,1831952
4740,474768304,476609538,1841234
4741,476620462,478450031,1829569
4742,478458765,480300040,1841275
4743,480311384,482138210,1826826
4744,482146813,483979084,1832271
4745,483987980,485853423,1865443
4746,485868251,487696099,1827848
4747,487704667,489610044,1905377
4748,489621532,491449335,1827803
4749,491458101,493302197,1844096
4750,493313231,495143808,1830577
4751,495152474,496997683,1845209
4752,497010343,498850247,1839904
4753,498859509,500757843,1898334
4754,500769142,502602095,1832953
4755,502610846,504494462,1883616
4756,504505741,506341463,1835722
4757,506350051,508316084,1966033
4758,508328236,510168681,1840445
4759,510177918,512034590,1856672
4760,512046055,513884909,1838854
4761,513893642,515749432,1855790
4762,515761009,517663816,1902807
4763,517675251,519516676,1841425
4764,519525525,521448653,1923128
4765,521461371,523304663,1843292
4766,523313940,525218416,1904476
4767,525229853,527068256,1838403
4768,527077047,529009668,1932621
4769,529023804,530864828,1841024
4770,530873842,532777349,1903507
4771,532789868,534628154,1838286
4772,534636844,536541749,1904905
4773,536553432,538392669,1839237
4774,538401272,540268253,1866981
4775,540281951,542127413,1845462
4776,542136154,544038783,1902629
4777,544051190,545893037,1841847
4778,545901996,547746268,1844272
4779,547755585,549660279,1904694
4780,549671693,551513560,1841867
4781,551522255,553430996,1908741
4782,553442444,555281822,1839378
4783,555290557,557197058,1906501
4784,557209528,559053452,1843924
4785,559062197,560973502,1911305
4786,560986841,562835331,1848490
4787,562844172,564702225,1858053
4788,564713364,566574917,1861553
4789,566586575,568506843,1920268
4790,568519055,570373143,1854088
4791,570381839,572254296,1872457
4792,572266249,574120367,1854118
4793,574129161,575996222,1867061
4794,576007361,577869506,1862145
4795,577878377,579738622,1860245
4796,579747140,581626476,1879336
4797,581638761,583500665,1861904
4798,583509549,585385271,1875722
4799,585397016,587262085,1865069
4800,587270593,589147887,1877294
4801,589159008,591030455,1871447
4802,591041810,592945897,1904087
4803,592961030,594829939,1868909
4804,594838652,596724719,1886067
4805,596736547,598612780,1876233
4806,598621644,600502273,1880629
4807,600513314,602382270,1868956
4808,602390984,604276897,1885913
4809,604289520,606158709,1869189
4810,606167465,608046693,1879228
4811,608057822,609934291,1876469
4812,609943398,611816075,1872677
4813,611824736,613706928,1882192
4814,613718087,615595361,1877274
4815,615604122,617494058,1889936
4816,617506109,619395867,1889758
4817,619407695,621303032,1895337
4818,621314782,623197904,1883122
4819,623206558,625101009,1894451
4820,625112199,626992203,1880004
4821,627000749,628897140,1896391
4822,628909529,630792353,1882824
4823,630801445,632694591,1893146
4824,632705758,634593163,1887405
4825,634602272,636499343,1897071
4826,636510712,638390286,1879574
4827,638399095,640297236,1898141
4828,640309365,642189961,1880596
4829,642198664,644092617,1893953
4830,644103581,646008788,1905207
4831,646020682,647923083,1902401
4832,647934848,649824032,1889184
4833,649832761,651721266,1888505
4834,651730197,653631916,1901719
4835,653644266,655560397,1916131
4836,655569519,657473821,1904302
4837,657485251,659374523,1889272
4838,659394245,661297127,1902882
4839,661308615,663192897,1884282
4840,663201545,665102953,1901408
4841,665115009,667002708,1887699
4842,667011566,668915285,1903719
4843,668926399,670819187,1892788
4844,670827690,672737473,1909783
4845,672748815,674635276,1886461
4846,674643956,676562853,1918897
4847,676577323,678463555,1886232
4848,678472233,680375919,1903686
4849,680387111,682275980,1888869
4850,682284643,684190316,1905673
4851,684201882,686088643,1886761
4852,686097190,688001709,1904519
4853,688013758,689901123,1887365
4854,689909798,691869140,1959342
4855,691880287,693770997,1890710
4856,693779798,695666797,1886999
4857,695675438,697585567,1910129
4858,697597170,699484640,1887470
4859,699493230,701406537,1913307
4860,701421149,703315082,1893933
4861,703324021,705324777,2000756
4862,705335926,707271410,1935484
4863,707280324,709193461,1913137
4864,709204946,711163064,1958118
4865,711172083,713081346,1909263
4866,713093933,714991974,1898041
4867,715000785,716904812,1904027
4868,716915755,718864632,1948877
4869,718873666,720943136,2069470
4870,720961765,722855861,1894096
4871,722865326,724797338,1932012
4872,724814747,726721029,1906282
4873,726731885,728701680,1969795
4874,728715207,730620043,1904836
4875,730631315,732597749,1966434
4876,732611399,734564636,1953237
4877,734577349,736552157,1974808
4878,736566419,738472857,1906438
4879,738483197,740466373,1983176
4880,740480524,742395422,1914898
4881,742408150,744380297,1972147
4882,744394501,746314339,1919838
4883,746325362,748254072,1928710
4884,748269867,750175969,1906102
4885,750186218,752128196,1941978
4886,752144683,754052246,1907563
4887,754063220,756041369,1978149
4888,756062018,758027913,1965895
4889,758046237,760434489,2388252
4890,760455454,762517318,2061864
4891,762530843,764459732,1928889
4892,764471219,766380662,1909443
4893,766389368,768314240,1924872
4894,768325426,770233827,1908401
4895,770242512,772171409,1928897
4896,772184159,774096458,1912299
4897,774105470,776034840,1929370
4898,776046380,777962631,1916251
4899,777971224,779900522,1929298
4900,779911538,781832391,1920853
4901,781844161,783825621,1981460
4902,783837845,785808982,1971137
4903,785818655,787732178,1913523
4904,787741044,789738602,1997558
4905,789749979,791664193,1914214
4906,791672916,793720138,2047222
4907,793731089,795656417,1925328
4908,795665190,797624883,1959693
4909,797637744,799555527,1917783
4910,799564518,801589865,2025347
4911,801601345,803521237,1919892
4912,803529993,805556006,2026013
4913,805567995,807487166,1919171
4914,807495947,809486177,1990230
4915,809498479,811478069,1979590
4916,811490243,813430063,1939820
4917,813441661,815361331,1919670
4918,815370056,817304566,1934510
4919,817316006,819235866,1919860
4920,819244464,821185812,1941348
4921,821198265,823132847,1934582
4922,823142187,825081140,1938953
4923,825092327,827027293,1934966
4924,827035871,828977595,1941724
4925,828988742,830913611,1924869
4926,830922342,832863942,1941600
4927,832876211,834804293,1928082
4928,834813114,836756856,1943742
4929,836768401,838767738,1999337
4930,838780434,840722589,1942155
4931,840734034,842664833,1930799
4932,842673533,844620999,1947466
4933,844633228,846566841,1933613
4934,846575594,848532427,1956833
4935,848544283,850479487,1935204
4936,850488226,852436581,1948355
4937,852447825,854386623,1938798
4938,854395274,856384561,1989287
4939,856396821,858481589,2084768
4940,858496841,860461906,1965065
4941,860474271,862427305,1953034
4942,862438942,864396257,1957315
4943,864407734,866348429,1940695
4944,866357165,868322998,1965833
4945,868335405,870287254,1951849
4946,870296391,872255607,1959216
4947,872266836,874216467,1949631
4948,874225657,876187607,1961950
4949,876198914,878143869,1944955
4950,878152485,880126755,1974270
4951,880139285,882088810,1949525
4952,882097624,884062080,1964456
4953,884073227,886042114,1968887
4954,886054323,888020433,1966110
4955,888032194,889982148,1949954
4956,889990706,891964726,1974020
4957,891977296,893932092,1954796
4958,893941058,895907549,1966491
4959,895918721,897877158,1958437
4960,897886227,899860469,1974242
4961,899872340,901831524,1959184
4962,901840147,903840547,2000400
4963,903869085,905828760,1959675
4964,905837917,907811606,1973689
4965,907823058,909779761,1956703
4966,909788274,911760686,1972412
4967,911772086,913736515,1964429
4968,913745233,915723169,1977936
4969,915735148,917703518,1968370
4970,917712432,919707339,1994907
4971,919721102,921688247,1967145
4972,921696835,923685695,1988860
4973,923697370,925666670,1969300
4974,925675246,927662211,1986965
4975,927674455,929651206,1976751
4976,929660125,931645594,1985469
4977,931656776,933631597,1974821
4978,933640310,935628022,1987712
4979,935638988,937614767,1975779
4980,937623766,939597715,1973949
4981,939606558,941598180,1991622
4982,941610662,943593435,1982773
4983,943621109,945599982,1978873
4984,945609141,947581421,1972280
4985,947590200,949582773,1992573
4986,949594556,951568846,1974290
4987,951577572,953575034,1997462
4988,953587271,955567247,1979976
4989,955576236,957567145,1990909
4990,957578114,959554176,1976062
4991,959562922,961560189,1997267
4992,961571771,963559017,1987246
4993,963567796,965567599,1999803
4994,965580149,967562358,1982209
4995,967571059,969575907,2004848
4996,969589582,971575976,1986394
4997,971598863,973584515,1985652
4998,973595599,975582418,1986819
4999,975611090,977600158,1989068
5000,977609382,979610904,2001522
5001,979621836,981616055,1994219
5002,981624874,983628063,2003189
5003,983639037,985626591,1987554
5004,985635271,987652350,2017079
5005,987664858,989661564,1996706
5006,989670442,991686184,2015742
5007,991697125,993692813,1995688
5008,993701727,995707487,2005760
5009,995718568,997723890,2005322
5010,997735350,999765946,2030596
5011,999779017,1776269,-998002748
5012,1785093,3804428,2019335
5013,3815850,5818866,2003016
5014,5827529,7903133,2075604
5015,7914270,9919371,2005101
5016,9928137,11950449,2022312
5017,11962718,13970530,2007812
5018,13979617,16063122,2083505
5019,16074668,18077974,2003306
5020,18086647,20165745,2079098
5021,20177165,22179807,2002642
5022,22188455,24219656,2031201
5023,24232183,26260264,2028081
5024,26272368,28360134,2087766
5025,28371837,30385355,2013518
5026,30394081,32432389,2038308
5027,32444182,34457828,2013646
5028,34466348,36503468,2037120
5029,36516056,38534802,2018746
5030,38543873,40576289,2032416
5031,40587589,42604453,2016864
5032,42613286,44640816,2027530
5033,44651857,46672894,2021037
5034,46681612,48715806,2034194
5035,48728125,50746838,2018713
5036,50755792,52800270,2044478
5037,52814063,54838362,2024299
5038,54847078,56885267,2038189
5039,56896564,58913431,2016867
5040,58922292,60962459,2040167
5041,60974739,62998777,2024038
5042,63007643,65045981,2038338
5043,65057812,67077718,2019906
5044,67086572,69120451,2033879
5045,69131578,71151106,2019528
5046,71159822,73199676,2039854
5047,73212121,75235185,2023064
5048,75244121,77287561,2043440
5049,77299219,79322468,2023249
5050,79331221,81376245,2045024
5051,81390168,83409676,2019508
5052,83418372,85469818,2051446
5053,85482395,87521896,2039501
5054,87532924,89563198,2030274
5055,89572365,91618534,2046169
5056,91629796,93655491,2025695
5057,93664374,95710882,2046508
5058,95723168,97752440,2029272
5059,97761165,99804397,2043232
5060,99815589,101853714,2038125
5061,101862918,103907316,2044398
5062,103918359,105966851,2048492
5063,105978366,108034562,2056196
5064,108047009,110078310,2031301
5065,110086975,112182582,2095607
5066,112193822,114228218,2034396
5067,114237126,116286736,2049610
5068,116298158,118331599,2033441
5069,118340383,120396302,2055919
5070,120408421,122441008,2032587
5071,122449656,124497787,2048131
5072,124509119,126541377,2032258
5073,126549993,128605401,2055408
5074,128616834,130649363,2032529
5075,130658063,132724187,2066124
5076,132738639,134779982,2041343
5077,134788908,136835360,2046452
5078,136846344,138882995,2036651
5079,138891681,140949625,2057944
5080,140961554,143002560,2041006
5081,143011331,145071310,2059979
5082,145083797,147126042,2042245
5083,147134755,149193697,2058942
5084,149204791,151251890,2047099
5085,151260794,153321618,2060824
5086,153333185,155382138,2048953
5087,155406158,157453207,2047049
5088,157465406,159541459,2076053
5089,159555372,161610530,2055158
5090,161628387,163692401,2064014
5091,163703976,165752245,2048269
5092,165760833,167833350,2072517
5093,167846038,169899955,2053917
5094,169908814,171973021,2064207
5095,171984195,174031627,2047432
5096,174040466,176105467,2065001
5097,176116493,178167003,2050510
5098,178175741,180248511,2072770
5099,180261186,182317128,2055942
5100,182325872,184393169,2067297
5101,184404120,186457260,2053140
5102,186466034,188544510,2078476
5103,188555529,190625687,2070158
5104,190637220,192783307,2146087
5105,192796047,194921826,2125779
5106,194931654,197068159,2136505
5107,197095707,199160330,2064623
5108,199168938,201271497,2102559
5109,201282501,203347181,2064680
5110,203355864,205505006,2149142
5111,205518034,207601590,2083556
5112,207612657,209676909,2064252
5113,209685742,211814185,2128443
5114,211825592,213899114,2073522
5115,213907943,216097270,2189327
5116,216111870,218189587,2077717
5117,218198904,220333704,2134800
5118,220344991,222417689,2072698
5119,222426645,224569542,2142897
5120,224580707,226662886,2082179
5121,226671565,228814239,2142674
5122,228826706,230903316,2076610
5123,230912061,233128647,2216586
5124,233140413,235215794,2075381
5125,235224407,237348843,2124436
5126,237360122,239440956,2080834
5127,239466202,241555028,2088826
5128,241564937,243740324,2175387
5129,243754538,245838585,2084047
5130,245847860,248008369,2160509
5131,248020225,250101064,2080839
5132,250109750,252271205,2161455
5133,252283885,254362248,2078363
5134,254371037,256467631,2096594
5135,256478853,258594092,2115239
5136,258603509,260696607,2093098
5137,260707789,262787634,2079845
5138,262796384,264889352,2092968
5139,264901815,266983854,2082039
5140,266992785,269098872,2106087
5141,269112658,271197945,2085287
5142,271207142,273298767,2091625
5143,273310167,275404668,2094501
5144,275417038,277496842,2079804
5145,277505839,279600105,2094266
5146,279611327,281691544,2080217
5147,281700225,283798270,2098045
5148,283809793,285895356,2085563
5149,285903921,288008432,2104511
5150,288020915,290102984,2082069
5151,290111575,292214504,2102929
5152,292225851,294310733,2084882
5153,294319679,296420333,2100654
5154,296431733,298537990,2106257
5155,298549698,300655139,2105441
5156,300667481,302758442,2090961
5157,302767396,304874608,2107212
5158,304886193,306973124,2086931
5159,306981862,309091069,2109207
5160,309102557,311193563,2091006
5161,311202361,313306401,2104040
5162,313318610,315429990,2111380
5163,315441412,317529631,2088219
5164,317538517,319639490,2100973
5165,319650498,321923935,2273437
5166,321938061,324062278,2124217
5167,324076916,326165666,2088750
5168,326174520,328293407,2118887
5169,328304632,330397733,2093101
5170,330406516,332519119,2112603
5171,332530240,334842752,2312512
5172,334858936,337135314,2276378
5173,337151122,339262935,2111813
5174,339271884,341481851,2209967
5175,341494792,343785783,2290991
5176,343799521,345898310,2098789
5177,345907237,348147675,2240438
5178,348161530,350272148,2110618
5179,350281648,352405806,2124158
5180,352417323,354533409,2116086
5181,354545202,356730736,2185534
5182,356742525,358868028,2125503
5183,358881500,361011536,2130036
5184,361024490,363134356,2109866
5185,363143523,365272735,2129212
5186,365284232,367407946,2123714
5187,367419196,369524065,2104869
5188,369532803,371659422,2126619
5189,371671846,373776588,2104742
5190,373785283,375913952,2128669
5191,375925549,378078313,2152764
5192,378087507,380211164,2123657
5193,380222240,382338010,2115770
5194,382346904,384474600,2127696
5195,384486999,386596306,2109307
5196,386605062,388739928,2134866
5197,388751979,390864479,2112500
5198,390873343,393004642,2131299
5199,393015694,395133794,2118100
5200,395142608,397340205,2197597
5201,397358183,399506975,2148792
5202,399519071,401643479,2124408
5203,401652744,403787482,2134738
5204,403798819,405916995,2118176
5205,405925828,408092530,2166702
5206,408105401,410225697,2120296
5207,410234437,412412634,2178197
5208,412423989,414550354,2126365
5209,414559451,416737971,2178520
5210,416749571,418869964,2120393
5211,418878815,421019039,2140224
5212,421031298,423154985,2123687
5213,423163866,425301516,2137650
5214,425325616,427467719,2142103
5215,427479266,429605599,2126333
5216,429614681,431756628,2141947
5217,431769113,433892855,2123742
5218,433901804,436349829,2448025
5219,436367772,438503590,2135818
5220,438515458,440788246,2272788
5221,440801004,442929043,2128039
5222,442937944,445228644,2290700
5223,445242913,447559758,2316845
5224,447574142,449700523,2126381
5225,449709412,451912478,2203066
5226,451924491,454046957,2122466
5227,454055661,456203119,2147458
5228,456216418,458377562,2161144
5229,458386766,460591559,2204793
5230,460602685,462750960,2148275
5231,462762718,464909144,2146426
5232,464920491,467058978,2138487
5233,467067894,469222109,2154215
5234,469234734,471388304,2153570
5235,471399596,473543802,2144206
5236,473552480,475704526,2152046
5237,475715550,477863242,2147692
5238,477872125,480032956,2160831
5239,480045360,482196533,2151173
5240,482205657,484366199,2160542
5241,484377496,486523581,2146085
5242,486532362,488758620,2226258
5243,488776155,490926415,2150260
5244,490936697,493101258,2164561
5245,493113788,495279142,2165354
5246,495291195,497439410,2148215
5247,497448089,499605097,2157008
5248,499616259,501768729,2152470
5249,501777911,503937278,2159367
5250,503949672,506099486,2149814
5251,506108403,508271070,2162667
5252,508282479,510426760,2144281
5253,510435343,512599105,2163762
5254,512610347,514757610,2147263
5255,514766340,516992604,2226264
5256,517005051,519311629,2306578
5257,519328274,521483185,2154911
5258,521492705,523654998,2162293
5259,523666105,525816613,2150508
5260,525825439,527990015,2164576
5261,528002703,530147873,2145170
5262,530156742,532324434,2167692
5263,532335738,534492153,2156415
5264,534501545,536886563,2385018
5265,536904313,539057890,2153577
5266,539066904,541242575,2175671
5267,541255556,543422724,2167168
5268,543434369,545591212,2156843
5269,545599988,547769201,2169213
5270,547780811,549946881,2166070
5271,549958952,552134863,2175911
5272,552148188,554298182,2149994
5273,554306767,556477388,2170621
5274,556488848,558645654,2156806
5275,558654635,560835453,2180818
5276,560847341,563008981,2161640
5277,563017897,565193230,2175333
5278,565205577,567378020,2172443
5279,567389174,569547814,2158640
5280,569556487,571730719,2174232
5281,571741881,573925438,2183557
5282,573937619,576124544,2186925
5283,576137274,578309464,2172190
5284,578318377,580508565,2190188
5285,580519940,582686787,2166847
5286,582695565,584881034,2185469
5287,584892291,587063228,2170937
5288,587072472,589264735,2192263
5289,589277398,591545384,2267986
5290,591560986,593731730,2170744
5291,593740616,595955472,2214856
5292,595967268,598145176,2177908
5293,598153847,600346155,2192308
5294,600359469,602535360,2175891
5295,602544267,604739105,2194838
5296,604752931,606927138,2174207
5297,606935864,609119746,2183882
5298,609131129,611322989,2191860
5299,611335439,613529712,2194273
5300,613539650,615754690,2215040
5301,615769149,617944965,2175816
5302,617953711,620145570,2191859
5303,620156714,622329461,2172747
5304,622338101,624537573,2199472
5305,624550206,626734948,2184742
5306,626744100,628954195,2210095
5307,628967998,631206010,2238012
5308,631217044,633397942,2180898
5309,633406339,635603836,2197497
5310,635616253,637805161,2188908
5311,637813927,640016664,2202737
5312,640028360,642217219,2188859
5313,642226123,644423791,2197668
5314,644434795,646623865,2189070
5315,646632816,648833091,2200275
5316,648845278,651048148,2202870
5317,651059154,653250715,2191561
5318,653259795,655460309,2200514
5319,655471363,657661997,2190634
5320,657675291,659918431,2243140
5321,659932579,662117071,2184492
5322,662125812,664332193,2206381
5323,664343613,666533274,2189661
5324,666542238,668751517,2209279
5325,668762894,670952041,2189147
5326,670960629,673172040,2211411
5327,673184816,675392350,2207534
5328,675403860,677596498,2192638
5329,677605375,679815385,2210010
5330,679827376,682019699,2192323
5331,682028525,684247453,2218928
5332,684261660,686457548,2195888
5333,686466337,688673934,2207597
5334,688685296,690941862,2256566
5335,690951076,693164617,2213541
5336,693176230,695391893,2215663
5337,695403982,697601828,2197846
5338,697620593,699836201,2215608
5339,699847904,702045943,2198039
5340,702054652,704286474,2231822
5341,704297585,706498245,2200660
5342,706507192,708773406,2266214
5343,708785825,711064276,2278451
5344,711078029,713286217,2208188
5345,713295314,715601802,2306488
5346,715618221,717860062,2241841
5347,717878265,720222320,2344055
5348,720242864,722617234,2374370
5349,722635169,724917154,2281985
5350,724934863,727197439,2262576
5351,727212262,729416104,2203842
5352,729425442,731760400,2334958
5353,731777190,734210320,2433130
5354,734226587,736582553,2355966
5355,736596260,738818424,2222164
5356,738830385,741166253,2335868
5357,741178883,743557310,2378427
5358,743571740,745778447,2206707
5359,745787213,748104689,2317476
5360,748117974,750348909,2230935
5361,750365232,752660451,2295219
5362,752677707,754931369,2253662
5363,754946698,757257757,2311059
5364,757271199,759611963,2340764
5365,759623714,761843141,2219427
5366,761852529,764192725,2340196
5367,764208159,766425296,2217137
5368,766434560,768690257,2255697
5369,768705251,770916717,2211466
5370,770925428,773282614,2357186
5371,773293946,775581967,2288021
5372,775593254,777809304,2216050
5373,777818107,780122966,2304859
5374,780135521,782347153,2211632
5375,782355873,784655811,2299938
5376,784667458,787003161,2335703
5377,787014368,789230081,2215713
5378,789239113,791470629,2231516
5379,791483276,793703984,2220708
5380,793715597,795948449,2232852
5381,795960149,798168483,2208334
5382,798177028,800413401,2236373
5383,800424861,802645246,2220385
5384,802654355,804889916,2235561
5385,804902388,807245373,2342985
5386,807256720,809470772,2214052
5387,809479535,811712530,2232995
5388,811724083,813943764,2219681
5389,813952469,816198123,2245654
5390,816211064,818433704,2222640
5391,818442500,820680326,2237826
5392,820691320,822924438,2233118
5393,822935351,825161247,2225896
5394,825170193,827412713,2242520
5395,827424794,829660681,2235887
5396,829669838,831912932,2243094
5397,831924326,834149435,2225109
5398,834158101,836401871,2243770
5399,836412958,838696426,2283468
5400,838705495,840959450,2253955
5401,840971822,843226047,2254225
5402,843237853,845472146,2234293
5403,845480874,847727477,2246603
5404,847738433,849985526,2247093
5405,849997066,852252851,2255785
5406,852265376,854496549,2231173
5407,854505322,856806024,2300702
5408,856827102,859223486,2396384
5409,859239660,861513132,2273472
5410,861522552,863779559,2257007
5411,863792235,866034324,2242089
5412,866043202,868353469,2310267
5413,868364754,870609156,2244402
5414,870618313,872877725,2259412
5415,872889078,875201103,2312025
5416,875213536,877460707,2247171
5417,877469485,879741225,2271740
5418,879755374,882009153,2253779
5419,882017947,884287514,2269567
5420,884299142,886554726,2255584
5421,886563376,888836570,2273194
5422,888848989,891118298,2269309
5423,891129518,893388482,2258964
5424,893397328,895666890,2269562
5425,895677962,897938327,2260365
5426,897947421,900220659,2273238
5427,900232656,902505473,2272817
5428,902518186,904809302,2291116
5429,904823310,907148052,2324742
5430,907159607,909416055,2256448
5431,909424964,911704645,2279681
5432,911717519,913976623,2259104
5433,913985266,916267857,2282591
5434,916279254,918540968,2261714
5435,918549551,920870202,2320651
5436,920881454,923214276,2332822
5437,923227194,925486897,2259703
5438,925495513,927830181,2334668
5439,927841600,930111378,2269778
5440,930120151,932449900,2329749
5441,932461207,934741580,2280373
5442,934753353,937046000,2292647
5443,937058685,939403695,2345010
5444,939414934,941694753,2279819
5445,941703471,944053303,2349832
5446,944064427,946345494,2281067
5447,946354139,948648468,2294329
5448,948660942,951016568,2355626
5449,951028198,953307080,2278882
5450,953315733,955661905,2346172
5451,955673323,957957234,2283911
5452,957965820,960266002,2300182
5453,960278349,962562163,2283814
5454,962572405,964890059,2317654
5455,964904075,967207716,2303641
5456,967219144,969500095,2280951
5457,969508937,971810430,2301493
5458,971822820,974106027,2283207
5459,974114818,976414790,2299972
5460,976425831,978730119,2304288
5461,978741604,981025270,2283666
5462,981046621,983351786,2305165
5463,983364534,985649565,2285031
5464,985658567,987954474,2295907
5465,987965666,990253970,2288304
5466,990262879,992577504,2314625
5467,992591730,994895108,2303378
5468,994907533,997193178,2285645
5469,997201999,999498300,2296301
5470,999509286,1797170,-997712116
5471,1805988,4104139,2298151
5472,4114965,6411579,2296614
5473,6420675,8728559,2307884
5474,8740650,11045123,2304473
5475,11056024,13346311,2290287
5476,13355212,15717608,2362396
5477,15729143,18042064,2312921
5478,18054090,20367061,2312971
5479,20379300,22676032,2296732
5480,22698273,25002651,2304378
5481,25013319,27384270,2370951
5482,27395485,29700075,2304590
5483,29708984,32031658,2322674
5484,32044185,34351242,2307057
5485,34359880,36684579,2324699
5486,36696159,39013956,2317797
5487,39024709,41335259,2310550
5488,41344176,43671074,2326898
5489,43683404,46005787,2322383
5490,46017783,48343637,2325854
5491,48355074,50676315,2321241
5492,50687507,52994761,2307254
5493,53003710,55330621,2326911
5494,55343176,57653122,2309946
5495,57661933,59987564,2325631
5496,59999134,62341756,2342622
5497,62351036,64675569,2324533
5498,64686530,67008226,2321696
5499,67020586,69331852,2311266
5500,69340588,71677689,2337101
5501,71691402,74001837,2310435
5502,74010913,76342679,2331766
5503,76354159,78683704,2329545
5504,78695851,81012300,2316449
5505,81020973,83358490,2337517
5506,83369524,85688852,2319328
5507,85697615,88037408,2339793
5508,88048825,90371023,2322198
5509,90379799,92723962,2344163
5510,92736131,95077053,2340922
5511,95088428,97410242,2321814
5512,97419051,99779420,2360369
5513,99793245,102118335,2325090
5514,102127035,104470039,2343004
5515,104482498,106825932,2343434
5516,106837291,109162288,2324997
5517,109171287,111539568,2368281
5518,111551015,113880420,2329405
5519,113889444,116288587,2399143
5520,116301029,118704015,2402986
5521,118715452,121048892,2333440
5522,121057583,123445670,2388087
5523,123461521,125811011,2349490
5524,125822887,128294301,2471414
5525,128308871,130719276,2410405
5526,130730789,133069812,2339023
5527,133078666,135487625,2408959
5528,135498714,137840662,2341948
5529,137849162,140215218,2366056
5530,140227795,142644571,2416776
5531,142656014,144998377,2342363
5532,145007151,147427430,2420279
5533,147438860,149785556,2346696
5534,149794360,152158006,2363646
5535,152170514,154605488,2434974
5536,154619394,156974793,2355399
5537,156983830,159348299,2364469
5538,159359791,161704723,2344932
5539,161713491,164080375,2366884
5540,164093213,166441533,2348320
5541,166450365,168816287,2365922
5542,168828215,171189910,2361695
5543,171200974,173551000,2350026
5544,173559674,175926999,2367325
5545,175939319,178284579,2345260
5546,178293255,180658723,2365468
5547,180669978,183054231,2384253
5548,183068385,185415981,2347596
5549,185424802,187795832,2371030
5550,187808339,190157253,2348914
5551,190165999,192588263,2422264
5552,192599763,194958936,2359173
5553,194969990,197421823,2451833
5554,197447837,199855499,2407662
5555,199879391,202226140,2346749
5556,202235382,204602670,2367288
5557,204614107,206982593,2368486
5558,206998576,209363904,2365328
5559,209375194,211756262,2381068
5560,211768839,214131990,2363151
5561,214140598,216511981,2371383
5562,216523345,218891460,2368115
5563,218902449,221257012,2354563
5564,221265900,223755027,2489127
5565,223771779,226133539,2361760
5566,226142555,228519328,2376773
5567,228530793,230905867,2375074
5568,230916796,233280084,2363288
5569,233288823,235679686,2390863
5570,235694121,238064586,2370465
5571,238073848,240458473,2384625
5572,240469908,242850838,2380930
5573,242862335,245231378,2369043
5574,245240404,247626163,2385759
5575,247638588,250012411,2373823
5576,250021165,252412693,2391528
5577,252424343,254861493,2437150
5578,254877148,257249638,2372490
5579,257258803,259663841,2405038
5580,259678491,262086072,2407581
5581,262095377,264483181,2387804
5582,264494676,266888164,2393488
5583,266899576,269280392,2380816
5584,269289188,271683667,2394479
5585,271695851,274076326,2380475
5586,274085340,276530185,2444845
5587,276541462,278936281,2394819
5588,278947806,281328659,2380853
5589,281351047,283898874,2547827
5590,283916614,286295184,2378570
5591,286304391,288713180,2408789
5592,288727276,291129728,2402452
5593,291141090,293530198,2389108
5594,293539264,295940440,2401176
5595,295952802,298350606,2397804
5596,298361687,300749181,2387494
5597,300757932,303157782,2399850
5598,303169280,305553789,2384509
5599,305562532,307965342,2402810
5600,307978042,310384737,2406695
5601,310396337,312780999,2384662
5602,312789825,315205882,2416057
5603,315219865,317601420,2381555
5604,317610186,320203067,2592881
5605,320219285,322674669,2455384
5606,322686767,325072234,2385467
5607,325081075,327530178,2449103
5608,327541533,329926483,2384950
5609,329935256,332388572,2453316
5610,332401167,334855225,2454058
5611,334866867,337308047,2441180
5612,337317507,339764931,2447424
5613,339776113,342164729,2388616
5614,342173598,344589800,2416202
5615,344604247,347005802,2401555
5616,347017344,349405128,2387784
5617,349414258,351825541,2411283
5618,351836645,354224096,2387451
5619,354232932,356660303,2427371
5620,356675840,359075586,2399746
5621,359086925,361473146,2386221
5622,361481934,363939415,2457481
5623,363955671,366361644,2405973
5624,366374271,368766985,2392714
5625,368776011,371194792,2418781
5626,371208933,373604880,2395947
5627,373613776,376026630,2412854
5628,376038579,378448219,2409640
5629,378460884,380854304,2393420
5630,380863308,383278104,2414796
5631,383289376,385684280,2394904
5632,385693104,388098269,2405165
5633,388109554,390520033,2410479
5634,390532730,392930636,2397906
5635,392939593,395346839,2407246
5636,395358003,397753518,2395515
5637,397762753,400169615,2406862
5638,400180719,402588113,2407394
5639,402600179,405004358,2404179
5640,405013778,407426557,2412779
5641,407437776,409838190,2400414
5642,409847202,412260911,2413709
5643,412272110,414694178,2422068
5644,414706470,417111217,2404747
5645,417120006,419545372,2425366
5646,419557143,421963872,2406729
5647,421972881,424387384,2414503
5648,424398569,426826404,2427835
5649,426838473,429260161,2421688
5650,429271798,431703655,2431857
5651,431715408,434127290,2411882
5652,434136294,436561796,2425502
5653,436573055,439010077,2437022
5654,439022765,441443445,2420680
5655,441452216,443891727,2439511
5656,443903041,446341825,2438784
5657,446353505,448771537,2418032
5658,448780508,451227216,2446708
5659,451239738,453666553,2426815
5660,453675474,456138661,2463187
5661,456152494,458649015,2496521
5662,458660688,461097339,2436651
5663,461106366,463586383,2480017
5664,463599236,466030574,2431338
5665,466039496,468543913,2504417
5666,468555363,471003073,2447710
5667,471014513,473452893,2438380
5668,473462125,475911025,2448900
5669,475923315,478420026,2496711
5670,478431659,480881276,2449617
5671,480890363,483357612,2467249
5672,483371457,485812521,2441064
5673,485821408,488280916,2459508
5674,488293543,490746849,2453306
5675,490758166,493196341,2438175
5676,493205279,495656771,2451492
5677,495667950,498110570,2442620
5678,498119477,500573022,2453545
5679,500585299,503044975,2459676
5680,503056703,505495246,2438543
5681,505504140,507965442,2461302
5682,507979263,510440310,2461047
5683,510452998,512892500,2439502
5684,512901417,515366626,2465209
5685,515378334,517821996,2443662
5686,517830880,520288388,2457508
5687,520299688,522762382,2462694
5688,522774533,525219409,2444876
5689,525228170,527690454,2462284
5690,527701739,530155791,2454052
5691,530164898,532641582,2476684
5692,532655428,535123245,2467817
5693,535135750,537647192,2511442
5694,537656667,540191490,2534823
5695,540202932,542783278,2580346
5696,542796262,545260005,2463743
5697,545269192,547791504,2522312
5698,547804012,550358767,2554755
5699,550370360,552828048,2457688
5700,552836907,555369191,2532284
5701,555380731,557840595,2459864
5702,557850118,560328571,2478453
5703,560340968,562821233,2480265
5704,562832778,565294597,2461819
5705,565303423,567777984,2474561
5706,567789519,570269740,2480221
5707,570282124,572748632,2466508
5708,572757718,575233708,2475990
5709,575245013,577708342,2463329
5710,577717208,580193679,2476471
5711,580204490,582687102,2482612
5712,582699346,585171394,2472048
5713,585190760,587686963,2496203
5714,587700866,590184314,2483448
5715,590195441,592796369,2600928
5716,592812247,595328643,2516396
5717,595343960,597812076,2468116
5718,597821088,600325149,2504061
5719,600338313,602839493,2501180
5720,602853772,605330003,2476231
5721,605338884,607889738,2550854
5722,607903769,610405468,2501699
5723,610419283,612893286,2474003
5724,612902172,615407755,2505583
5725,615422067,617898142,2476075
5726,617907078,620450659,2543581
5727,620463422,623004725,2541303
5728,623015965,625489306,2473341
5729,625498109,628045843,2547734
5730,628057804,630601664,2543860
5731,630614251,633088114,2473863
5732,633097055,635638057,2541002
5733,635649437,638184064,2534627
5734,638194996,640681267,2486271
5735,640693264,643248892,2555628
5736,643261838,645736572,2474734
5737,645745250,648237414,2492164
5738,648248753,650802697,2553944
5739,650813841,653295868,2482027
5740,653304796,655834885,2530089
5741,655847939,658453343,2605404
5742,658464657,661037160,2572503
5743,661051026,663585788,2534762
5744,663597323,666106322,2508999
5745,666118198,668629149,2510951
5746,668641706,671155710,2514004
5747,671167475,673658859,2491384
5748,673667708,676175707,2507999
5749,676186736,678694504,2507768
5750,678706795,681205763,2498968
5751,681214802,683728920,2514118
5752,683740468,686256024,2515556
5753,686267379,688764557,2497178
5754,688773275,691347705,2574430
5755,691360052,693869612,2509560
5756,693881353,696459283,2577930
5757,696471129,698989505,2518376
5758,699001140,701500769,2499629
5759,701509673,704079590,2569917
5760,704092208,706605935,2513727
5761,706617232,709116515,2499283
5762,709125228,711635588,2510360
5763,711646504,714168311,2521807
5764,714181392,716675733,2494341
5765,716684476,719278561,2594085
5766,719292757,721792153,2499396
5767,721800916,724318628,2517712
5768,724330156,726850186,2520030
5769,726862899,729361793,2498894
5770,729370677,731886051,2515374
5771,731897228,734410293,2513065
5772,734421493,736922582,2501089
5773,736931684,739447725,2516041
5774,739460182,741967011,2506829
5775,741976293,744488950,2512657
5776,744500094,747009639,2509545
5777,747020741,749536200,2515459
5778,749547787,752066181,2518394
5779,752079035,754600044,2521009
5780,754611422,757120195,2508773
5781,757129239,759647938,2518699
5782,759659649,762184299,2524650
5783,762196881,764703051,2506170
5784,764712042,767239598,2527556
5785,767250970,769766562,2515592
5786,769775686,772302798,2527112
5787,772314293,774858039,2543746
5788,774872546,777383332,2510786
5789,777392188,779917350,2525162
5790,779928928,782453847,2524919
5791,782464851,785039293,2574442
5792,785048853,787585085,2536232
5793,787597514,790131412,2533898
5794,790142734,792658980,2516246
5795,792667831,795199908,2532077
5796,795211027,797735141,2524114
5797,797744599,800288370,2543771
5798,800302732,802840469,2537737
5799,802852084,805368350,2516266
5800,805377056,807909912,2532856
5801,807921124,810455568,2534444
5802,810467923,812995536,2527613
5803,813004931,815547828,2542897
5804,815559373,818125638,2566265
5805,818136945,820659243,2522298
5806,820668062,823205110,2537048
5807,823217573,825744441,2526868
5808,825753430,828363668,2610238
5809,828377491,830970037,2592546
5810,830981261,833513711,2532450
5811,833522649,836179970,2657321
5812,836192462,838796021,2603559
5813,838807652,841343499,2535847
5814,841352777,843949943,2597166
5815,843961175,846563481,2602306
5816,846575763,849110390,2534627
5817,849119101,851685817,2566716
5818,851699630,854256408,2556778
5819,854268336,856805848,2537512
5820,856815010,859366698,2551688
5821,859379371,861914199,2534828
5822,861923125,864537352,2614227
5823,864548825,867102518,2553693
5824,867113519,869662836,2549317
5825,869672199,872281158,2608959
5826,872293480,874903109,2609629
5827,874914684,877455576,2540892
5828,877464350,880093866,2629516
5829,880107631,882730776,2623145
5830,882743817,885367344,2623527
5831,885382036,887946613,2564577
5832,887958589,890519389,2560800
5833,890530450,893079349,2548899
5834,893088145,895702177,2614032
5835,895714691,898279854,2565163
5836,898291527,900840814,2549287
5837,900861401,903423070,2561669
5838,903434518,906009080,2574562
5839,906021239,908586735,2565496
5840,908598408,911172099,2573691
5841,911183350,913742594,2559244
5842,913751443,916319422,2567979
5843,916330699,918903548,2572849
5844,918915749,921477003,2561254
5845,921485949,924061489,2575540
5846,924072698,926650789,2578091
5847,926662342,929224237,2561895
5848,929232953,931862105,2629152
5849,931874465,934449712,2575247
5850,934461239,937043543,2582304
5851,937055283,939634562,2579279
5852,939646325,942240422,2594097
5853,942253157,944823863,2570706
5854,944832725,947419529,2586804
5855,947430851,950019580,2588729
5856,950031183,952602274,2571091
5857,952611018,955255392,2644374
5858,955272065,957848239,2576174
5859,957857227,960463771,2606544
5860,960477752,963072405,2594653
5861,963083687,965664457,2580770
5862,965673351,968275635,2602284
5863,968288252,970892945,2604693
5864,970904680,973499326,2594646
5865,973508405,976106892,2598487
5866,976118106,978719132,2601026
5867,978731464,981312715,2581251
5868,981321602,983930531,2608929
5869,983942562,986564563,2622001
5870,986578439,989177793,2599354
5871,989186690,991798203,2611513
5872,991810853,994419151,2608298
5873,994430488,997032802,2602314
5874,997042157,999651440,2609283
5875,999662740,2278162,-997384578
5876,2291038,4885967,2594929
5877,4894840,7506218,2611378
5878,7517375,10124473,2607098
5879,10135577,12749726,2614149
5880,12761986,15385140,2623154
5881,15398116,18012606,2614490
5882,18023891,20632740,2608849
5883,20641717,23260465,2618748
5884,23271661,25884410,2612749
5885,25908169,28517249,2609080
5886,28529456,31149870,2620414
5887,31161165,33770854,2609689
5888,33779720,36400628,2620908
5889,36411650,39037536,2625886
5890,39049790,41675718,2625928
5891,41687724,44316809,2629085
5892,44328447,46958387,2629940
5893,46969857,49576807,2606950
5894,49585608,52212694,2627086
5895,52225354,54851582,2626228
5896,54863423,57475448,2612025
5897,57484655,60107450,2622795
5898,60118714,62751070,2632356
5899,62763663,65408593,2644930
5900,65417720,68057589,2639869
5901,68071244,70708413,2637169
5902,70720124,73333055,2612931
5903,73341937,75975332,2633395
5904,75987850,78624333,2636483
5905,78635870,81260079,2624209
5906,81269003,83908290,2639287
5907,83919840,86562708,2642868
5908,86575150,89194397,2619247
5909,89203371,91836238,2632867
5910,91847392,94496801,2649409
5911,94510318,97131474,2621156
5912,97140293,99783933,2643640
5913,99796832,102430736,2633904
5914,102442208,105064465,2622257
5915,105073547,107707170,2633623
5916,107718477,110356613,2638136
5917,110368948,112996174,2627226
5918,113005388,115640300,2634912
5919,115651609,118305474,2653865
5920,118319222,120940050,2620828
5921,120949001,123593551,2644550
5922,123606276,126291939,2685663
5923,126303667,128923939,2620272
5924,128932870,131575829,2642959
5925,131587326,134231001,2643675
5926,134243270,136874273,2631003
5927,136883445,139524055,2640610
5928,139535126,142189479,2654353
5929,142201538,144833999,2632461
5930,144842915,147505478,2662563
5931,147519785,150188316,2668531
5932,150205197,152842519,2637322
5933,152851566,155509352,2657786
5934,155521321,158175523,2654202
5935,158187873,160823785,2635912
5936,160832756,163507077,2674321
5937,163518522,166216439,2697917
5938,166227773,168860427,2632654
5939,168869241,171585233,2715992
5940,171599998,174256975,2656977
5941,174268573,176954100,2685527
5942,176968993,179630739,2661746
5943,179642733,182300314,2657581
5944,182312964,184960180,2647216
5945,184969505,187626760,2657255
5946,187637924,190345557,2707633
5947,190357164,193000499,2643335
5948,193009558,195677749,2668191
5949,195692352,198426738,2734386
5950,198446641,201143287,2696646
5951,201166222,203829807,2663585
5952,203841668,206502690,2661022
5953,206515442,209155672,2640230
5954,209164448,211829108,2664660
5955,211840357,214572263,2731906
5956,214584091,217381451,2797360
5957,217398795,220138852,2740057
5958,220159456,223071705,2912249
5959,223092272,225739024,2646752
5960,225748289,228500939,2752650
5961,228514499,231310450,2795951
5962,231325648,234291192,2965544
5963,234310147,236961275,2651128
5964,236983380,239725999,2742619
5965,239742817,242531104,2788287
5966,242548283,245262629,2714346
5967,245277908,248021667,2743759
5968,248035743,250785216,2749473
5969,250797881,253447162,2649281
5970,253456119,256194430,2738311
5971,256211165,258982979,2771814
5972,258995817,261647236,2651419
5973,261656097,264401422,2745325
5974,264414954,267113708,2698754
5975,267126263,269790660,2664397
5976,269801992,272465680,2663688
5977,272477696,275261771,2784075
5978,275273925,277938750,2664825
5979,277951340,280602067,2650727
5980,280611029,283273180,2662151
5981,283284563,285950729,2666166
5982,285961993,288622318,2660325
5983,288631708,291306096,2674388
5984,291318852,293985512,2666660
5985,293996646,296668270,2671624
5986,296680326,299348322,2667996
5987,299359576,302036280,2676704
5988,302049422,304711393,2661971
5989,304720615,307394307,2673692
5990,307405554,310138955,2733401
5991,310150338,312809550,2659212
5992,312818243,315499696,2681453
5993,315512233,318251699,2739466
5994,318263700,321095850,2832150
5995,321110124,323862507,2752383
5996,323876984,326602235,2725251
5997,326618740,329283643,2664903
5998,329292680,332031156,2738476
5999,332043581,334777865,2734284
6000,334790064,337509931,2719867
6001,337519153,340199731,2680578
6002,340212646,342949960,2737314
6003,342962046,345696002,2733956
6004,345707276,348375297,2668021
6005,348384735,351126522,2741787
6006,351141057,353906868,2765811
6007,353918819,356581239,2662420
6008,356590063,359337726,2747663
6009,359349181,362089441,2740260
6010,362102094,364771854,2669760
6011,364780750,367524797,2744047
6012,367536628,370225255,2688627
6013,370236577,372911572,2674995
6014,372920333,375613081,2692748
6015,375625829,378329354,2703525
6016,378343260,381016034,2672774
6017,381024765,383712761,2687996
6018,383723988,386421181,2697193
6019,386433761,389106387,2672626
6020,389115248,391809469,2694221
6021,391821365,394508103,2686738
6022,394519285,397194758,2675473
6023,397203657,399894402,2690745
6024,399906779,402596051,2689272
6025,402607303,405301022,2693719
6026,405313231,408002295,2689064
6027,408013870,410705808,2691938
6028,410718478,413407722,2689244
6029,413419147,416095220,2676073
6030,416104269,418796264,2691995
6031,418807255,421510043,2702788
6032,421523054,424204348,2681294
6033,424213230,426914364,2701134
6034,426925737,429618707,2692970
6035,429629728,432321834,2692106
6036,432333797,435039050,2705253
6037,435052291,437745347,2693056
6038,437756697,440446843,2690146
6039,440455721,443253880,2798159
6040,443271830,445986665,2714835
6041,445999629,448690456,2690827
6042,448699859,451400447,2700588
6043,451411556,454116894,2705338
6044,454128168,456818795,2690627
6045,456827819,459553786,2725967
6046,459568010,462281439,2713429
6047,462293495,464993051,2699556
6048,465002597,467749280,2746683
6049,467761038,470478098,2717060
6050,470490570,473188660,2698090
6051,473197639,475911116,2713477
6052,475922411,478644373,2721962
6053,478656659,481379346,2722687
6054,481391911,484115339,2723428
6055,484127217,486848688,2721471
6056,486860389,489690840,2830451
6057,489702472,492411849,2709377
6058,492420918,495208866,2787948
6059,495221827,497995520,2773693
6060,498007070,500711645,2704575
6061,500720644,503436615,2715971
6062,503448383,506168184,2719801
6063,506180501,508894339,2713838
6064,508903781,511684208,2780427
6065,511701161,514428255,2727094
6066,514440071,517144960,2704889
6067,517153793,519874585,2720792
6068,519887097,522622348,2735251
6069,522634106,525358296,2724190
6070,525369205,528085806,2716601
6071,528094881,530823518,2728637
6072,530836093,533575070,2738977
6073,533589395,536308495,2719100
6074,536317950,539066879,2748929
6075,539080905,541822418,2741513
6076,541834777,544551865,2717088
6077,544560761,547294010,2733249
6078,547305445,550038065,2732620
6079,550049201,552773161,2723960
6080,552782277,555523501,2741224
6081,555535941,558278878,2742937
6082,558290232,561013420,2723188
6083,561023088,563778916,2755828
6084,563792869,566593737,2800868
6085,566606681,569345563,2738882
6086,569356843,572086548,2729705
6087,572095580,574883527,2787947
6088,574907256,577653259,2746003
6089,577666113,580394603,2728490
6090,580403925,583150927,2747002
6091,583162379,585908574,2746195
6092,585919806,588657485,2737679
6093,588666549,591435408,2768859
6094,591449720,594199754,2750034
6095,594211063,596954687,2743624
6096,596963884,599717120,2753236
6097,599728134,602482649,2754515
6098,602495131,605246901,2751770
6099,605258151,607996715,2738564
6100,608005466,610764313,2758847
6101,610775934,613531541,2755607
6102,613543896,616285685,2741789
6103,616294396,619064520,2770124
6104,619078067,621838120,2760053
6105,621849470,624599045,2749575
6106,624608127,627423765,2815638
6107,627436448,630192517,2756069
6108,630203706,632949377,2745671
6109,632958511,635715041,2756530
6110,635726160,638490210,2764050
6111,638502594,641263274,2760680
6112,641274636,644016949,2742313
6113,644025662,646798558,2772896
6114,646812534,649581183,2768649
6115,649593653,652344393,2750740
6116,652353315,655122329,2769014
6117,655134310,657903344,2769034
6118,657914438,660666575,2752137
6119,660675351,663445716,2770365
6120,663458469,666221394,2762925
6121,666232946,668996307,2763361
6122,669006040,671787913,2781873
6123,671801761,674579060,2777299
6124,674591545,677362093,2770548
6125,677373505,680128075,2754570
6126,680136916,682906715,2769799
6127,682917841,685706746,2788905
6128,685719358,688479271,2759913
6129,688488147,691316192,2828045
6130,691327870,694095461,2767591
6131,694106595,696880070,2773475
6132,696891766,699675708,2783942
6133,699688687,702474320,2785633
6134,702485720,705265325,2779605
6135,705276258,708049736,2773478
6136,708058452,710841907,2783455
6137,710854121,713642787,2788666
6138,713654395,716423069,2768674
6139,716432063,719276878,2844815
6140,719288518,722072595,2784077
6141,722085113,724852666,2767553
6142,724861495,727768977,2907482
6143,727783063,730571724,2788661
6144,730582843,733376556,2793713
6145,733389003,736162651,2773648
6146,736171605,738961787,2790182
6147,738973007,741768544,2795537
6148,741780059,744560854,2780795
6149,744570201,747361770,2791569
6150,747374222,750162332,2788110
6151,750173484,752955156,2781672
6152,752964202,755834285,2870083
6153,755848246,758655254,2807008
6154,758668423,761461885,2793462
6155,761473410,764259548,2786138
6156,764268615,767062258,2793643
6157,767073745,769873989,2800244
6158,769886376,772671774,2785398
6159,772681044,775479043,2797999
6160,775490352,778287388,2797036
6161,778298332,781109900,2811568
6162,781124112,783910878,2786766
6163,783920003,786723409,2803406
6164,786735062,789538771,2803709
6165,789550096,792336394,2786298
6166,792345142,795157570,2812428
6167,795170060,797972469,2802409
6168,797983726,800770234,2786508
6169,800779028,803586268,2807240
6170,803597916,806403946,2806030
6171,806416631,809231841,2815210
6172,809245729,812137441,2891712
6173,812153560,814961522,2807962
6174,814973470,817792233,2818763
6175,817805365,820600870,2795505
6176,820609786,823472877,2863091
6177,823484132,826346988,2862856
6178,826358352,829220291,2861939
6179,829233134,832031250,2798116
6180,832040543,834944211,2903668
6181,834958565,837824395,2865830
6182,837835933,840634458,2798525
6183,840643401,843453759,2810358
6184,843466404,846291921,2825517
6185,846304190,849135007,2830817
6186,849154308,851971142,2816834
6187,851983253,854799871,2816618
6188,854813105,857641586,2828481
6189,857655668,860452423,2796755
6190,860461292,863322496,2861204
6191,863334272,866209222,2874950
6192,866221972,869113066,2891094
6193,869124370,871922138,2797768
6194,871931059,874785655,2854596
6195,874796960,877618768,2821808
6196,877631724,880426472,2794748
6197,880435411,883242629,2807218
6198,883253745,886123600,2869855
6199,886134862,888951287,2816425
6200,888963381,891777175,2813794
6201,891786392,894606711,2820319
6202,894618050,897445472,2827422
6203,897456578,900263215,2806637
6204,900272174,903103827,2831653
6205,903116121,905953136,2837015
6206,905964723,908792914,2828191
6207,908804787,911635145,2830358
6208,911646730,914480284,2833554
6209,914492651,917367051,2874400
6210,917378506,920192232,2813726
6211,920201196,923035624,2834428
6212,923058611,925900455,2841844
6213,925913168,928735086,2821918
6214,928743892,931576874,2832982
6215,931588066,934425844,2837778
6216,934437269,937293456,2856187
6217,937308336,940129453,2821117
6218,940138384,942983422,2845038
6219,942994854,945833149,2838295
6220,945844258,948671935,2827677
6221,948681134,951534069,2852935
6222,951547283,954395735,2848452
6223,954407197,957252278,2845081
6224,957263725,960102213,2838488
6225,960111284,963019270,2907986
6226,963034025,965939979,2905954
6227,965952270,968786921,2834651
6228,968795727,971693883,2898156
6229,971710587,974605788,2895201
6230,974621992,977487244,2865252
6231,977499009,980342048,2843039
6232,980351074,983208294,2857220
6233,983219779,986080655,2860876
6234,986093451,988947418,2853967
6235,988958710,991810447,2851737
6236,991822601,994682850,2860249
6237,994694678,997563120,2868442
6238,997576005,413448,-997162557
6239,422362,3280772,2858410
6240,3292365,6203167,2910802
6241,6214554,9069647,2855093
6242,9081891,11932543,2850652
6243,11941920,14868779,2926859
6244,14881579,17799366,2917787
6245,17813440,20656686,2843246
6246,20665495,23588604,2923109
6247,23601327,26514039,2912712
6248,26526063,29450952,2924889
6249,29462632,32307926,2845294
6250,32316717,35178327,2861610
6251,35190962,38114721,2923759
6252,38126343,41049877,2923534
6253,41061885,43910036,2848151
6254,43918945,46863472,2944527
6255,46878037,49882584,3004547
6256,49894790,52867385,2972595
6257,52878645,55787488,2908843
6258,55796775,58721458,2924683
6259,58734271,61720644,2986373
6260,61732402,64588492,2856090
6261,64597463,67521342,2923879
6262,67532765,70438523,2905758
6263,70451441,73341800,2890359
6264,73355623,76216001,2860378
6265,76225005,79103127,2878122
6266,79114539,81991938,2877399
6267,82004267,84875516,2871249
6268,84886767,87756913,2870146
6269,87766218,90638218,2872000
6270,90649362,93534241,2884879
6271,93546758,96430115,2883357
6272,96441552,99327193,2885641
6273,99338587,102232505,2893918
6274,102244696,105250017,3005321
6275,105262484,108137980,2875496
6276,108147009,111035431,2888422
6277,111046650,113933155,2886505
6278,113944304,116855841,2911537
6279,116870443,119757913,2887470
6280,119766969,122685122,2918153
6281,122701053,125594579,2893526
6282,125606405,128485795,2879390
6283,128494664,131387588,2892924
6284,131400116,134303348,2903232
6285,134315073,137203656,2888583
6286,137214790,140094506,2879716
6287,140103525,143013568,2910043
6288,143028153,145929724,2901571
6289,145941407,148847027,2905620
6290,148858775,151746876,2888101
6291,151755782,154656055,2900273
6292,154724155,157636940,2912785
6293,157648297,160532058,2883761
6294,160540984,163455769,2914785
6295,163467687,166371901,2904214
6296,166384428,169289768,2905340
6297,169303669,172198173,2894504
6298,172207187,175101751,2894564
6299,175113058,178023257,2910199
6300,178036341,180943051,2906710
6301,180954173,183845592,2891419
6302,183854611,186768777,2914166
6303,186780054,189753451,2973397
6304,189766084,192683773,2917689
6305,192695491,195610632,2915141
6306,195622613,198533348,2910735
6307,198544913,201584573,3039660
6308,201611039,204511466,2900427
6309,204520486,207514702,2994216
6310,207526678,210440065,2913387
6311,210451470,213364057,2912587
6312,213376842,216345252,2968410
6313,216354720,219271116,2916396
6314,219282436,222211359,2928923
6315,222223280,225206917,2983637
6316,225224516,228132560,2908044
6317,228141606,231066673,2925067
6318,231078747,234001536,2922789
6319,234013016,236995221,2982205
6320,237008094,239922187,2914093
6321,239931487,242907946,2976459
6322,242919532,245866789,2947257
6323,245878021,248869796,2991775
6324,248887486,251824792,2937306
6325,251837329,254780444,2943115
6326,254793786,257799047,3005261
6327,257813228,260755865,2942637
6328,260770247,263689051,2918804
6329,263698110,266635238,2937128
6330,266646681,269587252,2940571
6331,269599040,272600035,3000995
6332,272612395,275596061,2983666
6333,275605494,278561540,2956046
6334,278575533,281514295,2938762
6335,281525770,284455565,2929795
6336,284465025,287406341,2941316
6337,287418961,290355518,2936557
6338,290366828,293316120,2949292
6339,293340375,296268161,2927786
6340,296277278,299234597,2957319
6341,299247683,302190460,2942777
6342,302201627,305223389,3021762
6343,305237332,308167356,2930024
6344,308176312,311133521,2957209
6345,311145996,314098573,2952577
6346,314110241,317057621,2947380
6347,317068725,320189950,3121225
6348,320204064,323157388,2953324
6349,323170244,326124824,2954580
6350,326136394,329090051,2953657
6351,329101772,332058542,2956770
6352,332070723,335087404,3016681
6353,335100052,338055491,2955439
6354,338067043,341021528,2954485
6355,341032690,343983733,2951043
6356,343992935,346950412,2957477
6357,346962744,349920300,2957556
6358,349931652,352891936,2960284
6359,352903456,355900006,2996550
6360,355909037,358880783,2971746
6361,358893478,361876207,2982729
6362,361890211,364868951,2978740
6363,364880305,367834063,2953758
6364,367842751,370822328,2979577
6365,370834921,373802670,2967749
6366,373813951,376799337,2985386
6367,376811090,379766753,2955663
6368,379775659,382821604,3045945
6369,382834412,385869223,3034811
6370,385883184,388885928,3002744
6371,388897609,391863944,2966335
6372,391872996,394853979,2980983
6373,394866431,397844920,2978489
6374,397856257,400839768,2983511
6375,400850785,403819330,2968545
6376,403828482,406883742,3055260
6377,406896766,409879936,2983170
6378,409891639,412941832,3050193
6379,412955567,415925476,2969909
6380,415934380,418926512,2992132
6381,418939052,421935724,2996672
6382,421947497,424937086,2989589
6383,424948303,427923647,2975344
6384,427932598,430924868,2992270
6385,430937177,433924455,2987278
6386,433935777,436948062,3012285
6387,436962268,439935680,2973412
6388,439944381,442942517,2998136
6389,442955115,445943044,2987929
6390,445954341,448955462,3001121
6391,448966774,451951709,2984935
6392,451961099,454963678,3002579
6393,454976213,458026822,3050609
6394,458038176,461100754,3062578
6395,461112038,464106060,2994022
6396,464117853,467127589,3009736
6397,467140736,470135030,2994294
6398,470146242,473184923,3038681
6399,473196422,476182938,2986516
6400,476191978,479199734,3007756
6401,479212349,482219366,3007017
6402,482231041,485237302,3006261
6403,485249055,488238029,2988974
6404,488246966,491270130,3023164
6405,491288433,494341603,3053170
6406,494356366,497361213,3004847
6407,497372911,500361978,2989067
6408,500370970,503377195,3006225
6409,503389617,506540854,3151237
6410,506552379,509611779,3059400
6411,509622981,512642273,3019292
6412,512655657,515664594,3008937
6413,515676502,518679184,3002682
6414,518690634,521699892,3009258
6415,521711344,524727942,3016598
6416,524742577,527742001,2999424
6417,527751594,530754058,3002464
6418,530765467,533772455,3006988
6419,533783659,536853802,3070143
6420,536866247,539859892,2993645
6421,539868854,542885963,3017109
6422,542899826,545918844,3019018
6423,545931141,548946596,3015455
6424,548959314,552055825,3096511
6425,552071600,555086231,3014631
6426,555098553,558170636,3072083
6427,558183719,561204324,3020605
6428,561217150,564217547,3000397
6429,564226393,567263031,3036638
6430,567277335,570293456,3016121
6431,570304713,573328503,3023790
6432,573341208,576361129,3019921
6433,576372814,579383313,3010499
6434,579392397,582406293,3013896
6435,582417502,585450649,3033147
6436,585463126,588477123,3013997
6437,588488187,591499079,3010892
6438,591508313,594538390,3030077
6439,594552221,597578311,3026090
6440,597590929,600611509,3020580
6441,600623264,603628177,3004913
6442,603637211,606719661,3082450
6443,606731785,609801411,3069626
6444,609813810,612888374,3074564
6445,612900205,615901566,3001361
6446,615910462,618980989,3070527
6447,618992614,622079926,3087312
6448,622094804,625177241,3082437
6449,625188911,628190867,3001956
6450,628199570,631277935,3078365
6451,631289290,634309183,3019893
6452,634321445,637357920,3036475
6453,637369864,640394458,3024594
6454,640405607,643425666,3020059
6455,643434680,646477398,3042718
6456,646491780,649520063,3028283
6457,649531701,652567549,3035848
6458,652579157,655593547,3014390
6459,655602391,658693461,3091070
6460,658706324,661732961,3026637
6461,661744118,664780563,3036445
6462,664791960,667813214,3021254
6463,667833174,670887359,3054185
6464,670901841,673967827,3065986
6465,673979171,677012018,3032847
6466,677023488,680042506,3019018
6467,680051443,683092461,3041018
6468,683105349,686192613,3087264
6469,686204093,689296625,3092532
6470,689308132,692349809,3041677
6471,692362189,695389021,3026832
6472,695397985,698457220,3059235
6473,698471443,701564807,3093364
6474,701576552,704685711,3109159
6475,704697882,707789760,3091878
6476,707799027,710838998,3039971
6477,710850500,713980599,3130099
6478,713992457,717077804,3085347
6479,717096551,720401284,3304733
6480,720422630,723501236,3078606
6481,723517981,726594121,3076140
6482,726609868,729797637,3187769
6483,729814347,733169039,3354692
6484,733187598,736228379,3040781
6485,736237761,739363033,3125272
6486,739375491,742556144,3180653
6487,742570256,745804575,3234319
6488,745817712,749031605,3213893
6489,749047739,752133013,3085274
6490,752148402,755251415,3103013
6491,755266749,758394930,3128181
6492,758406723,761529665,3122942
6493,761541418,764674063,3132645
6494,764690079,767731353,3041274
6495,767740245,770919340,3179095
6496,770931432,774052068,3120636
6497,774063585,777126380,3062795
6498,777139474,780196007,3056533
6499,780207394,783268756,3061362
6500,783280557,786340047,3059490
6501,786351407,789410799,3059392
6502,789423201,792484488,3061287
6503,792495960,795545251,3049291
6504,795554205,798609893,3055688
6505,798621115,801684444,3063329
6506,801696831,804750951,3054120
6507,804762278,807887746,3125468
6508,807900105,810954062,3053957
6509,810965582,814028046,3062464
6510,814040533,817102181,3061648
6511,817113721,820168793,3055072
6512,820179749,823234882,3055133
6513,823244367,826302391,3058024
6514,826314818,829377581,3062763
6515,829388961,832461683,3072722
6516,832475085,835584449,3109364
6517,835593879,838659608,3065729
6518,838672443,841732262,3059819
6519,841743556,844805039,3061483
6520,844816093,847861787,3045694
6521,847870746,850932292,3061546
6522,850944874,854017902,3073028
6523,854029742,857158866,3129124
6524,857170389,860256901,3086512
6525,860271395,863322074,3050679
6526,863330860,866456077,3125217
6527,866467272,869595962,3128690
6528,869608452,872673219,3064767
6529,872685644,875772833,3087189
6530,875782563,878905560,3122997
6531,878916789,882000956,3084167
6532,882012210,885107882,3095672
6533,885122485,888198705,3076220
6534,888210112,891270930,3060818
6535,891279796,894352212,3072416
6536,894363522,897441279,3077757
6537,897453643,900533108,3079465
6538,900544887,903604743,3059856
6539,903613646,906745574,3131928
6540,906757177,909845656,3088479
6541,909859789,912938929,3079140
6542,912950369,916013708,3063339
6543,916022827,919096291,3073464
6544,919107478,922186693,3079215
6545,922199155,925272440,3073285
6546,925283915,928362431,3078516
6547,928373547,931434947,3061400
6548,931444101,934528906,3084805
6549,934541547,937621992,3080445
6550,937633111,940775253,3142142
6551,940788961,943858613,3069652
6552,943867411,946961118,3093707
6553,946973946,950060315,3086369
6554,950071462,953166609,3095147
6555,953177678,956269528,3091850
6556,956281667,959426048,3144381
6557,959435488,962528979,3093491
6558,962540659,965651903,3111244
6559,965665821,968813602,3147781
6560,968826470,971903272,3076802
6561,971912228,975034616,3122388
6562,975046361,978257699,3211338
6563,978269775,981366222,3096447
6564,981378717,984535156,3156439
6565,984546713,987633516,3086803
6566,987642502,990742519,3100017
6567,990753906,993878610,3124704
6568,993893406,996994467,3101061
6569,997005995,113429,-996892566
6570,125052,3220075,3095023
6571,3229061,6338292,3109231
6572,6350890,9526715,3175825
6573,9538744,12651468,3112724
6574,12663161,15762554,3099393
6575,15771433,18906747,3135314
6576,18921054,22032533,3111479
6577,22044058,25164456,3120398
6578,25176242,28298063,3121821
6579,28310771,31415494,3104723
6580,31424618,34550607,3125989
6581,34562305,37681921,3119616
6582,37692960,40825304,3132344
6583,40837843,43981184,3143341
6584,43994711,47112573,3117862
6585,47121579,50244509,3122930
6586,50255740,53494609,3238869
6587,53508730,56640901,3132171
6588,56665683,59835429,3169746
6589,59845074,62973080,3128006
6590,62984448,66116338,3131890
6591,66128770,69253266,3124496
6592,69264490,72413143,3148653
6593,72427302,75571910,3144608
6594,75580999,78710196,3129197
6595,78722853,81850677,3127824
6596,81861858,84988261,3126403
6597,84999490,88133953,3134463
6598,88146819,91264949,3118130
6599,91273885,94410853,3136968
6600,94424636,97563092,3138456
6601,97574637,100712606,3137969
6602,100725306,103848521,3123215
6603,103857801,106994322,3136521
6604,107005945,110198410,3192465
6605,110209562,113346038,3136476
6606,113358485,116492706,3134221
6607,116503667,119646008,3142341
6608,119658229,122797066,3138837
6609,122808596,125956969,3148373
6610,125969867,129110734,3140867
6611,129121916,132261517,3139601
6612,132272957,135406000,3133043
6613,135415312,138561705,3146393
6614,138574406,141713077,3138671
6615,141724297,144879450,3155153
6616,144892990,148097980,3204990
6617,148110861,151242922,3132061
6618,151252164,154442511,3190347
6619,154453826,157702628,3248802
6620,157714118,160918602,3204484
6621,160930976,164082531,3151555
6622,164093871,167233786,3139915
6623,167243253,170392447,3149194
6624,170403724,173565939,3162215
6625,173580346,176729939,3149593
6626,176740970,179893708,3152738
6627,179904681,183040181,3135500
6628,183049360,186204145,3154785
6629,186216487,189427035,3210548
6630,189438359,192587203,3148844
6631,192598427,195734054,3135627
6632,195742990,198990053,3247063
6633,199007029,202237311,3230282
6634,202266792,205438841,3172049
6635,205451273,208694883,3243610
6636,208708239,211879338,3171099
6637,211891076,215094513,3203437
6638,215104208,218317440,3213232
6639,218329354,221483913,3154559
6640,221496435,224670581,3174146
6641,224684768,227850998,3166230
6642,227862934,231003951,3141017
6643,231012785,234170574,3157789
6644,234183189,237343916,3160727
6645,237355426,240510068,3154642
6646,240521060,243663553,3142493
6647,243672863,246834093,3161230
6648,246846683,250020183,3173500
6649,250034011,253196367,3162356
6650,253208443,256372305,3163862
6651,256384972,259592275,3207303
6652,259602382,262761683,3159301
6653,262772885,265932388,3159503
6654,265943901,269157842,3213941
6655,269174389,272339441,3165052
6656,272351141,275623577,3272436
6657,275633388,278808058,3174670
6658,278822249,281992432,3170183
6659,282004979,285168049,3163070
6660,285179732,288349641,3169909
6661,288360925,291523564,3162639
6662,291533345,294708082,3174737
6663,294720745,297905061,3184316
6664,297916678,301090942,3174264
6665,301102252,304279184,3176932
6666,304291642,307470098,3178456
6667,307482428,310720484,3238056
6668,310732422,313907413,3174991
6669,313918502,317241571,3323069
6670,317260905,320482327,3221422
6671,320497530,323665427,3167897
6672,323674937,326852985,3178048
6673,326864625,330043523,3178898
6674,330056013,333242045,3186032
6675,333253590,336505455,3251865
6676,336519433,339691873,3172440
6677,339701390,342891316,3189926
6678,342903854,346089420,3185566
6679,346101020,349280587,3179567
6680,349291728,352485175,3193447
6681,352497843,355680093,3182250
6682,355689418,358941180,3251762
6683,358952717,362150660,3197943
6684,362164531,365359988,3195457
6685,365372924,368563334,3190410
6686,368574689,371773709,3199020
6687,371785513,374957529,3172016
6688,374966508,378161862,3195354
6689,378174224,381368095,3193871
6690,381379841,384576959,3197118
6691,384587953,387847025,3259072
6692,387861695,391053857,3192162
6693,391062894,394313958,3251064
6694,394325233,397525093,3199860
6695,397536370,400797139,3260769
6696,400809651,404059002,3249351
6697,404070752,407327403,3256651
6698,407337008,410538941,3201933
6699,410550353,413811369,3261016
6700,413825811,417097676,3271865
6701,417109817,420371648,3261831
6702,420383228,423575310,3192082
6703,423584098,426798165,3214067
6704,426810983,430085423,3274440
6705,430097399,433375273,3277874
6706,433387132,436602709,3215577
6707,436615061,439905796,3290735
6708,439919799,443122150,3202351
6709,443131001,446410852,3279851
6710,446422357,449694548,3272191
6711,449711220,452997917,3286697
6712,453009876,456265544,3255668
6713,456290238,459551660,3261422
6714,459564661,462786727,3222066
6715,462798600,466027289,3228689
6716,466039539,469264153,3224614
6717,469275532,472503984,3228452
6718,472517002,475852271,3335269
6719,475864267,479072452,3208185
6720,479081381,482366464,3285083
6721,482378473,485661116,3282643
6722,485677643,488924934,3247291
6723,488939030,492169115,3230085
6724,492180552,495411748,3231196
6725,495424245,498647083,3222838
6726,498656626,501886873,3230247
6727,501898183,505131550,3233367
6728,505142958,508405681,3262723
6729,508418401,511650070,3231669
6730,511661324,514884923,3223599
6731,514894303,518196382,3302079
6732,518210456,521495171,3284715
6733,521507816,524756245,3248429
6734,524767855,528053595,3285740
6735,528064922,531291484,3226562
6736,531300746,534595312,3294566
6737,534607942,537888144,3280202
6738,537899594,541147712,3248118
6739,541158964,544408903,3249939
6740,544421643,547690185,3268542
6741,547705677,550933118,3227441
6742,550942209,554188631,3246422
6743,554200456,557446429,3245973
6744,557458939,560744248,3285309
6745,560756305,564000982,3244677
6746,564012246,567240173,3227927
6747,567248894,570503984,3255090
6748,570518654,573768210,3249556
6749,573779926,577029384,3249458
6750,577041120,580346953,3305833
6751,580359969,583651789,3291820
6752,583662895,586898799,3235904
6753,586907713,590208521,3300808
6754,590219798,593474372,3254574
6755,593487603,596741385,3253782
6756,596755561,600003436,3247875
6757,600015048,603262770,3247722
6758,603275214,606508855,3233641
6759,606517827,609851895,3334068
6760,609868502,613111610,3243108
6761,613123313,616373015,3249702
6762,616385883,619637066,3251183
6763,619648252,622936328,3288076
6764,622950933,626214167,3263234
6765,626226388,629485860,3259472
6766,629498821,632755367,3256546
6767,632766932,636031329,3264397
6768,636043179,639303827,3260648
6769,639316520,642566836,3250316
6770,642576323,645830228,3253905
6771,645841281,649113745,3272464
6772,649127981,652390071,3262090
6773,652402390,655670656,3268266
6774,655682499,658934912,3252413
6775,658944287,662201161,3256874
6776,662212566,665472814,3260248
6777,665485359,668749804,3264445
6778,668761386,672024051,3262665
6779,672035682,675298409,3262727
6780,675310553,678602881,3292328
6781,678615058,681880475,3265417
6782,681892183,685167538,3275355
6783,685178785,688519436,3340651
6784,688532509,691804504,3271995
6785,691815653,695075284,3259631
6786,695084298,698353370,3269072
6787,698364753,701641812,3277059
6788,701654437,704945282,3290845
6789,704959666,708445805,3486139
6790,708457347,711786910,3329563
6791,711799535,715061904,3262369
6792,715070836,718344407,3273571
6793,718355671,721761177,3405506
6794,721773254,725137011,3363757
6795,725149618,728513044,3363426
6796,728527183,731875151,3347968
6797,731886857,735225170,3338313
6798,735245839,738517579,3271740
6799,738527084,741880809,3353725
6800,741892426,745230409,3337983
6801,745241814,748589502,3347688
6802,748601799,751890330,3288531
6803,751903502,755186929,3283427
6804,755198291,758549420,3351129
6805,758561516,761928949,3367433
6806,761941366,765257048,3315682
6807,765271567,768577759,3306192
6808,768589925,771952278,3362353
6809,771964894,775259948,3295054
6810,775271233,778548102,3276869
6811,778557169,781861017,3303848
6812,781875238,785184101,3308863
6813,785197230,788492355,3295125
6814,788503705,791798880,3295175
6815,791809934,795104252,3294318
6816,795116477,798397746,3281269
6817,798406547,801700281,3293734
6818,801711894,805019481,3307587
6819,805030733,808360157,3329424
6820,808372725,811760779,3388054
6821,811774998,815117010,3342012
6822,815128257,818416841,3288584
6823,818426244,821771125,3344881
6824,821783996,825108147,3324151
6825,825119712,828474700,3354988
6826,828486286,831791993,3305707
6827,831804799,835251315,3446516
6828,835263086,838558769,3295683
6829,838567959,841886244,3318285
6830,841899924,845215774,3315850
6831,845228815,848545278,3316463
6832,848557169,851876329,3319160
6833,851887591,855203285,3315694
6834,855215777,858557802,3342025
6835,858567046,861884991,3317945
6836,861896050,865223174,3327124
6837,865246620,868582772,3336152
6838,868597189,871916352,3319163
6839,871927749,875244525,3316776
6840,875255529,878596050,3340521
6841,878605708,881932671,3326963
6842,881945802,885273776,3327974
6843,885285679,888610027,3324348
6844,888621018,891954116,3333098
6845,891966931,895308768,3341837
6846,895322879,898639616,3316737
6847,898648983,901974042,3325059
6848,901985266,905375020,3389754
6849,905387683,908751833,3364150
6850,908763641,912144062,3380421
6851,912155216,915542859,3387643
6852,915555670,918883237,3327567
6853,918894993,922270174,3375181
6854,922281656,925606307,3324651
6855,925617348,928953391,3336043
6856,928966339,932292143,3325804
6857,932303412,935632751,3329339
6858,935643750,938981216,3337466
6859,938993425,942316600,3323175
6860,942325636,945673893,3348257
6861,945688037,949025583,3337546
6862,949037045,952373056,3336011
6863,952385663,955719328,3333665
6864,955730735,959104375,3373640
6865,959116028,962448795,3332767
6866,962458132,965848894,3390762
6867,965861083,969206009,3344926
6868,969217524,972570931,3353407
6869,972584430,975931564,3347134
6870,975943806,979295391,3351585
6871,979306836,982643122,3336286
6872,982652088,986007239,3355151
6873,986018796,989376130,3357334
6874,989388344,992738455,3350111
6875,992749682,996120270,3370588
6876,996134434,999497233,3362799
6877,999509489,2852882,-996656607
6878,2861901,6268831,3406930
6879,6279950,9671264,3391314
6880,9683052,13040225,3357173
6881,13052542,16412930,3360388
6882,16424568,19782901,3358333
6883,19794622,23167676,3373054
6884,23182023,26534229,3352206
6885,26543473,29915063,3371590
6886,29926997,33290833,3363836
6887,33302241,36720380,3418139
6888,36733190,40148389,3415199
6889,40159922,43580096,3420174
6890,43592310,46960625,3368315
6891,46973027,50339716,3366689
6892,50351338,53716007,3364669
6893,53727843,57092208,3364365
6894,57103503,60559750,3456247
6895,60572766,63942326,3369560
6896,63953831,67315836,3362005
6897,67326930,70677612,3350682
6898,70686899,74063185,3376286
6899,74077765,77447691,3369926
6900,77459389,80856896,3397507
6901,80868256,84248256,3380000
6902,84261014,87632662,3371648
6903,87643918,91022448,3378530
6904,91034221,94394383,3360162
6905,94403480,97790407,3386927
6906,97804586,101176120,3371534
6907,101187533,104560544,3373011
6908,104571861,107990200,3418339
6909,108003176,111442162,3438986
6910,111453732,114816060,3362328
6911,114893109,118258356,3365247
6912,118267919,121684218,3416299
6913,121700044,125147603,3447559
6914,125159852,128591921,3432069
6915,128606293,131994618,3388325
6916,132007649,135426622,3418973
6917,135438626,138846051,3407425
6918,138858085,142236198,3378113
6919,142245322,145670613,3425291
6920,145683544,149111636,3428092
6921,149123700,152565570,3441870
6922,152579927,156007859,3427932
6923,156021412,159480120,3458708
6924,159491812,162930380,3438568
6925,162941792,166320747,3378955
6926,166329581,169748323,3418742
6927,169761003,173159024,3398021
6928,173170939,176591228,3420289
6929,176602588,180012106,3409518
6930,180026510,183422401,3395891
6931,183434004,186826742,3392738
6932,186838094,190276005,3437911
6933,190285655,193681721,3396066
6934,193694171,197142258,3448087
6935,197153465,200548850,3395385
6936,200560222,204989503,4429281
6937,205031018,210373186,5342168
6938,210393173,215714148,5320975
6939,215731642,220494083,4762441
6940,220523745,224559404,4035659
6941,224578595,227981835,3403240
6942,227994967,231446282,3451315
6943,231458634,234895427,3436793
6944,234909756,238291480,3381724
6945,238300735,241909150,3608415
6946,241936243,245527803,3591560
6947,245546109,249015537,3469428
6948,249029806,252467642,3437836
6949,252481049,256007153,3526104
6950,256024236,259444999,3420763
6951,259459493,262986554,3527061
6952,262999793,266393273,3393480
6953,266402257,269931323,3529066
6954,269945309,273403439,3458130
6955,273416663,276828080,3411417
6956,276840347,280249178,3408831
6957,280260651,283668099,3407448
6958,283680559,287085586,3405027
6959,287097058,290491317,3394259
6960,290500512,293916866,3416354
6961,293928875,297342869,3413994
6962,297355284,300891447,3536163
6963,300916326,304446527,3530201
6964,304458285,307996417,3538132
6965,308009228,311480789,3471561
6966,311492347,315029672,3537325
6967,315040889,318453121,3412232
6968,318462090,321937866,3475776
6969,321950634,325375068,3424434
6970,325386450,328824097,3437647
6971,328836116,332268993,3432877
6972,332281948,335740333,3458385
6973,335755251,339190250,3434999
6974,339201645,342648422,3446777
6975,342661616,346084328,3422712
6976,346093495,349587237,3493742
6977,349598942,353034192,3435250
6978,353045316,356492967,3447651
6979,356505577,359951830,3446253
6980,359963593,363409603,3446010
6981,363420607,366867204,3446597
6982,366879657,370310628,3430971
6983,370319540,373763893,3444353
6984,373775326,377231325,3455999
6985,377243085,380704981,3461896
6986,380717493,384179630,3462137
6987,384191806,387636348,3444542
6988,387647695,391101506,3453811
6989,391114605,394560365,3445760
6990,394571712,398008923,3437211
6991,398018063,401462923,3444860
6992,401474247,404931795,3457548
6993,404944327,408403130,3458803
6994,408414924,411874236,3459312
6995,411885670,415341026,3455356
6996,415353438,418811888,3458450
6997,418823205,422261714,3438509
6998,422270746,425739448,3468702
6999,425751584,429215557,3463973
7000,429228272,432689692,3461420
7001,432701179,436160518,3459339
7002,436171520,439647589,3476069
7003,439660588,443131831,3471243
7004,443143098,446611742,3468644
7005,446622944,450076361,3453417
7006,450085578,453558066,3472488
7007,453570892,457045530,3474638
7008,457057093,460531120,3474027
7009,460542858,464014439,3471581
7010,464026744,467497475,3470731
7011,467509228,470981110,3471882
7012,470992578,474457200,3464622
7013,474466778,478006327,3539549
7014,478021149,481503379,3482230
7015,481515357,484991595,3476238
7016,485003175,488490150,3486975
7017,488503108,492045250,3542142
7018,492057176,495580448,3523272
7019,495592154,499067770,3475616
7020,499080194,502571896,3491702
7021,502583534,506054714,3471180
7022,506064026,509611128,3547102
7023,509622808,513105609,3482801
7024,513118099,516601885,3483786
7025,516613292,520097192,3483900
7026,520108402,523599223,3490821
7027,523612139,527094068,3481929
7028,527105648,530653706,3548058
7029,530664896,534142599,3477703
7030,534151626,537643976,3492350
7031,537656877,541150576,3493699
7032,541162304,544653386,3491082
7033,544664879,548157031,3492152
7034,548169398,551667558,3498160
7035,551679020,555182896,3503876
7036,555194594,558683175,3488581
7037,558695923,562173978,3478055
7038,562183099,565679006,3495907
7039,565690802,569179988,3489186
7040,569191144,572697451,3506307
7041,572710214,576206023,3495809
7042,576217297,579718705,3501408
7043,579730214,583228246,3498032
7044,583240884,586750398,3509514
7045,586762176,590255981,3493805
7046,590265381,593771301,3505920
7047,593782784,597291501,3508717
7048,597303961,600811911,3507950
7049,600823471,604333276,3509805
7050,604345345,607852596,3507251
7051,607865274,611373736,3508462
7052,611385198,614891748,3506550
7053,614903351,618391870,3488519
7054,618400738,621913070,3512332
7055,621925918,625432894,3506976
7056,625444371,628949851,3505480
7057,628961095,632468174,3507079
7058,632480691,635993172,3512481
7059,636004713,639521013,3516300
7060,639532733,643051572,3518839
7061,643064125,646576659,3512534
7062,646588264,650085960,3497696
7063,650094886,653611089,3516203
7064,653622917,657163113,3540196
7065,657175928,660735707,3559779
7066,660747009,664280428,3533419
7067,664292038,667804392,3512354
7068,667816980,671332862,3515882
7069,671344409,674908925,3564516
7070,674920352,678428741,3508389
7071,678454177,681960063,3505886
7072,681972505,685494905,3522400
7073,685506588,689054621,3548033
7074,689069878,692598478,3528600
7075,692611486,696132831,3521345
7076,696144184,699661825,3517641
7077,699673187,703205916,3532729
7078,703219105,706737749,3518644
7079,706749244,710256275,3507031
7080,710265151,713790566,3525415
7081,713801913,717680358,3878445
7082,717704523,722003256,4298733
7083,722029416,726331890,4302474
7084,726353755,730790175,4436420
7085,730811320,735113509,4302189
7086,735133604,739462247,4328643
7087,739499135,743580419,4081284
7088,743597979,747133648,3535669
7089,747147804,750815486,3667682
7090,750832356,754356117,3523761
7091,754430068,757970567,3540499
7092,757989647,761645370,3655723
7093,761668020,765239301,3571281
7094,765256984,768789949,3532965
7095,768801664,772334915,3533251
7096,772346295,775884267,3537972
7097,775897697,779427111,3529414
7098,779438929,782965760,3526831
7099,782976673,786512010,3535337
7100,786524783,790043531,3518748
7101,790053042,793584380,3531338
7102,793596236,797123806,3527570
7103,797134943,800674232,3539289
7104,800686843,804222792,3535949
7105,804234029,807773823,3539794
7106,807785499,811369937,3584438
7107,811382469,814967005,3584536
7108,814978440,818563542,3585102
7109,818574736,822097989,3523253
7110,822107231,825702614,3595383
7111,825715552,829307739,3592187
7112,829319201,832910072,3590871
7113,832921144,836532208,3611064
7114,836547727,840136415,3588688
7115,840148812,843746517,3597705
7116,843758576,847355704,3597128
7117,847368673,850959759,3591086
7118,850971610,854563235,3591625
7119,854574868,858108550,3533682
7120,858118115,861714554,3596439
7121,861727109,865330901,3603792
7122,865342531,868889324,3546793
7123,868900975,872509566,3608591
7124,872522421,876075139,3552718
7125,876086787,879640364,3553577
7126,879651951,883202760,3550809
7127,883215214,886765486,3550272
7128,886777174,890337710,3560536
7129,890349926,893898627,3548701
7130,893907784,897474171,3566387
7131,897486849,901048214,3561365
7132,901059551,904623916,3564365
7133,904635309,908203160,3567851
7134,908216053,911784097,3568044
7135,911795923,915358714,3562791
7136,915369971,918939709,3569738
7137,918951988,922564779,3612791
7138,922576434,926130169,3553735
7139,926139148,929701461,3562313
7140,929712893,933281089,3568196
7141,933293902,936857706,3563804
7142,936869369,940439388,3570019
7143,940451221,944029725,3578504
7144,944042192,947609277,3567085
7145,947620767,951190442,3569675
7146,951202072,954769224,3567152
7147,954781701,958351569,3569868
7148,958363365,961914890,3551525
7149,961924082,965486277,3562195
7150,965497491,969068674,3571183
7151,969081407,972656926,3575519
7152,972669316,976241530,3572214
7153,976252870,979824695,3571825
7154,979837215,983409622,3572407
7155,983421272,986991005,3569733
7156,987002310,990586053,3583743
7157,990598994,994168346,3569352
7158,994177260,997749674,3572414
7159,997761307,1329657,-996431650
7160,1340869,4924888,3584019
7161,4937548,8519581,3582033
7162,8531286,12119689,3588403
7163,12133637,15720125,3586488
7164,15732823,19318231,3585408
7165,19329490,22912142,3582652
7166,22923679,26504649,3580970
7167,26517246,30082025,3564779
7168,30091067,33670646,3579579
7169,33682153,37263030,3580877
7170,37274159,40863700,3589541
7171,40876555,44453826,3577271
7172,44465006,48047797,3582791
7173,48059044,51643162,3584118
7174,51655772,55241729,3585957
7175,55253645,58832036,3578391
7176,58843225,62429485,3586260
7177,62441799,66013637,3571838
7178,66022554,69607022,3584468
7179,69618600,73210498,3591898
7180,73222376,76809699,3587323
7181,76821923,80463209,3641286
7182,80474692,84064014,3589322
7183,84075341,87666395,3591054
7184,87678980,91268926,3589946
7185,91280554,94868395,3587841
7186,94879607,98472254,3592647
7187,98484854,102060892,3576038
7188,102069921,105669298,3599377
7189,105681259,109277753,3596494
7190,109289496,112887874,3598378
7191,112900540,116496320,3595780
7192,116507983,120101282,3593299
7193,120112576,123715548,3602972
7194,123728559,127331236,3602677
7195,127342240,130950234,3607994
7196,130961684,134562907,3601223
7197,134575342,138168348,3593006
7198,138177865,141778134,3600269
7199,141789423,145394067,3604644
7200,145405582,149010246,3604664
7201,149022941,152625435,3602494
7202,152636963,156240579,3603616
7203,156252352,159861023,3608671
7204,159873668,163473804,3600136
7205,163485015,167088451,3603436
7206,167099728,170703994,3604266
7207,170716764,174326503,3609739
7208,174338211,177930811,3592600
7209,177939880,181549694,3609814
7210,181561091,185171133,3610042
7211,185183597,188812339,3628742
7212,188827462,192451249,3623787
7213,192479324,196097799,3618475
7214,196110965,199734371,3623406
7215,199745911,203366453,3620542
7216,203377783,207093577,3715794
7217,207122042,210743133,3621091
7218,210754936,214434476,3679540
7219,214445889,218054219,3608330
7220,218063250,221708681,3645431
7221,221722136,225352549,3630413
7222,225364124,228998637,3634513
7223,229010568,232640374,3629806
7224,232652919,236284247,3631328
7225,236295895,239933404,3637509
7226,239945466,243644487,3699021
7227,243659699,247290395,3630696
7228,247302258,250934134,3631876
7229,250945439,254579413,3633974
7230,254592159,258237061,3644902
7231,258248980,261873025,3624045
7232,261882069,265519358,3637289
7233,265530865,269171961,3641096
7234,269184588,272826135,3641547
7235,272837938,276475639,3637701
7236,276486890,280127742,3640852
7237,280140325,283779306,3638981
7238,283791124,287436858,3645734
7239,287448408,291098358,3649950
7240,291111149,294758971,3647822
7241,294770566,298412624,3642058
7242,298424179,302059446,3635267
7243,302068618,305718875,3650257
7244,305731904,309386166,3654262
7245,309397831,313049397,3651566
7246,313060812,316715698,3654886
7247,316728461,320381716,3653255
7248,320393437,324059760,3666323
7249,324071391,327733661,3662270
7250,327746592,331406285,3659693
7251,331417715,335096328,3678613
7252,335111003,338782102,3671099
7253,338795001,342455067,3660066
7254,342466740,346155527,3688787
7255,346166879,349824188,3657309
7256,349833428,353575632,3742204
7257,353588776,357264071,3675295
7258,357276804,360943290,3666486
7259,360954717,364677747,3723030
7260,364690289,368407444,3717155
7261,368418882,372137064,3718182
7262,372149138,375866285,3717147
7263,375878695,379572752,3694057
7264,379584813,383254941,3670128
7265,383266684,386983160,3716476
7266,386995715,390713358,3717643
7267,390725102,394444209,3719107
7268,394455774,398179083,3723309
7269,398191734,401844099,3652365
7270,401853065,405519647,3666582
7271,405531500,409203535,3672035
7272,409215471,412893384,3677913
7273,412906154,416570583,3664429
7274,416582143,420250146,3668003
7275,420261591,423934798,3673207
7276,423947721,427623425,3675704
7277,427635258,431299827,3664569
7278,431311275,434981874,3670599
7279,434994554,438659926,3665372
7280,438671290,442351527,3680237
7281,442363388,446014360,3650972
7282,446023141,449695401,3672260
7283,449708164,453376247,3668083
7284,453387982,457075396,3687414
7285,457087410,460761592,3674182
7286,460774134,464449341,3675207
7287,464460869,468187662,3726793
7288,468201833,471889172,3687339
7289,471901904,475582818,3680914
7290,475594634,479268919,3674285
7291,479280153,482959230,3679077
7292,482972191,486654369,3682178
7293,486665682,490346111,3680429
7294,490358050,494035038,3676988
7295,494047425,497708351,3660926
7296,497717430,501402115,3684685
7297,501414229,505089874,3675645
7298,505101222,508840430,3739208
7299,508853501,512583243,3729742
7300,512594488,516326801,3732313
7301,516338359,520073559,3735200
7302,520086463,523821302,3734839
7303,523833574,527566278,3732704
7304,527577480,531372786,3795306
7305,531387000,535199951,3812951
7306,535218177,538951283,3733106
7307,538964765,542720915,3756150
7308,542736086,546436692,3700606
7309,546450096,550142131,3692035
7310,550154157,553838762,3684605
7311,553847721,557582760,3735039
7312,557599232,561296628,3697396
7313,561308348,565006079,3697731
7314,565017564,568768450,3750886
7315,568781185,572523302,3742117
7316,572534654,576234310,3699656
7317,576246105,579946642,3700537
7318,579959501,583662715,3703214
7319,583674465,587375008,3700543
7320,587386646,591085015,3698369
7321,591097843,594802539,3704696
7322,594814414,598519465,3705051
7323,598530612,602240817,3710205
7324,602253430,605942177,3688747
7325,605964290,609667915,3703625
7326,609679718,613387012,3707294
7327,613398582,617107262,3708680
7328,617119802,620826549,3706747
7329,620838132,624543444,3705312
7330,624555074,628268470,3713396
7331,628281188,631987249,3706061
7332,631998686,635722790,3724104
7333,635734265,639445589,3711324
7334,639458174,643182944,3724770
7335,643195199,646915511,3720312
7336,646926983,650647807,3720824
7337,650673909,654413084,3739175
7338,654424857,658191360,3766503
7339,658202943,661912552,3709609
7340,661922115,665668823,3746708
7341,665681609,669447247,3765638
7342,669458930,673181828,3722898
7343,673193594,676916114,3722520
7344,676929077,680653547,3724470
7345,680665085,684389161,3724076
7346,684400523,688134260,3733737
7347,688149258,691872322,3723064
7348,691883877,695615159,3731282
7349,695626869,699349600,3722731
7350,699362278,703087414,3725136
7351,703099120,706826532,3727412
7352,706837939,710582760,3744821
7353,710596097,714360018,3763921
7354,714378217,718169684,3791467
7355,718191243,721943872,3752629
7356,721960549,725681564,3721015
7357,725692116,729479140,3787024
7358,729496860,733240243,3743383
7359,733253650,737055903,3802253
7360,737070247,740831675,3761428
7361,740845994,744608670,3762676
7362,744622167,748424815,3802648
7363,748439493,752185802,3746309
7364,752198941,755997844,3798903
7365,756011952,759879587,3867635
7366,759894111,763744715,3850604
7367,763758132,767555117,3796985
7368,767568038,771364330,3796292
7369,771378829,775166034,3787205
7370,775177847,778931745,3753898
7371,778943796,782688002,3744206
7372,782700745,786442481,3741736
7373,786454102,790199211,3745109
7374,790210518,793957128,3746610
7375,793969663,797700711,3731048
7376,797710051,801457305,3747254
7377,801468672,805207945,3739273
7378,805219044,808968374,3749330
7379,808981164,812726176,3745012
7380,812738006,816483201,3745195
7381,816494635,820237574,3742939
7382,820250282,823996940,3746658
7383,824008585,827751635,3743050
7384,827762866,831563726,3800860
7385,831576494,835334690,3758196
7386,835349207,839100065,3750858
7387,839111885,842856844,3744959
7388,842869617,846620097,3750480
7389,846631760,850443736,3811976
7390,850459561,854240586,3781025
7391,854256178,858006647,3750469
7392,858018533,861748887,3730354
7393,861757824,865556077,3798253
7394,865568319,869342041,3773722
7395,869354867,873159543,3804676
7396,873171419,876919513,3748094
7397,876930557,880689396,3758839
7398,880702525,884455149,3752624
7399,884466842,888221379,3754537
7400,888232901,891984990,3752089
7401,891997635,895751533,3753898
7402,895763263,899516760,3753497
7403,899528688,903287450,3758762
7404,903300213,907052386,3752173
7405,907063891,910816984,3753093
7406,910828467,914585750,3757283
7407,914598496,918358676,3760180
7408,918370491,922179140,3808649
7409,922190690,925946307,3755617
7410,925958834,929699776,3740942
7411,929708594,933463374,3754780
7412,933475310,937238432,3763122
7413,937250258,941008024,3757766
7414,941020869,944828287,3807418
7415,944840253,948600326,3760073
7416,948611856,952428621,3816765
7417,952441900,956303533,3861633
7418,956315090,960087066,3771976
7419,960098621,963916475,3817854
7420,963928932,967754558,3825626
7421,967766908,971559954,3793046
7422,971571501,975389185,3817684
7423,975402261,979169558,3767297
7424,979181196,983013686,3832490
7425,983025943,986788219,3762276
7426,986800733,990568522,3767789
7427,990580034,994466686,3886652
7428,994478534,998296721,3818187
7429,998309248,2082662,-996226586
7430,2094718,5913731,3819013
7431,5925061,9678367,3753306
7432,9687128,13449995,3762867
7433,13462445,17290051,3827606
7434,17302403,21123787,3821384
7435,21135262,24970692,3835430
7436,24983458,28755413,3771955
7437,28766941,32602804,3835863
7438,32614272,36398857,3784585
7439,36411721,40247561,3835840
7440,40259114,44031060,3771946
7441,44042372,47881555,3839183
7442,47894341,51718779,3824438
7443,51730873,55526831,3795958
7444,55538110,59341789,3803679
7445,59354414,63130913,3776499
7446,63142679,66915722,3773043
7447,66927124,70711706,3784582
7448,70724614,74496710,3772096
7449,74508105,78287543,3779438
7450,78298855,82078462,3779607
7451,82091173,85868596,3777423
7452,85880395,89655287,3774892
7453,89664351,93443562,3779211
7454,93454766,97243469,3788703
7455,97256137,101038766,3782629
7456,101050293,104837320,3787027
7457,104849349,108638565,3789216
7458,108651060,112445920,3794860
7459,112457443,116243683,3786240
7460,116254747,120062188,3807441
7461,120075294,123871412,3796118
7462,123883333,127683489,3800156
7463,127708586,131508970,3800384
7464,131522166,135319718,3797552
7465,135331291,139135371,3804080
7466,139147008,142947833,3800825
7467,142960250,146756955,3796705
7468,146768342,150571054,3802712
7469,150582511,154386352,3803841
7470,154399481,158195000,3795519
7471,158206711,162010049,3803338
7472,162021867,165818767,3796900
7473,165831438,169624108,3792670
7474,169633460,173428544,3795084
7475,173440003,177240247,3800244
7476,177251453,181051483,3800030
7477,181064181,184861251,3797070
7478,184872914,188696651,3823737
7479,188711945,192524858,3812913
7480,192537629,196339536,3801907
7481,196351116,200163491,3812375
7482,200174860,204052719,3877859
7483,204065665,207936020,3870355
7484,207963767,211790267,3826500
7485,211802128,215663790,3861662
7486,215676623,219544124,3867501
7487,219556476,223378542,3822066
7488,223390966,227214410,3823444
7489,227227065,231107858,3880793
7490,231119150,235083527,3964377
7491,235095090,239054473,3959383
7492,239067649,243004127,3936478
7493,243016176,246951532,3935356
7494,246963039,250893796,3930757
7495,250906975,254837788,3930813
7496,254848989,258748820,3899831
7497,258760683,262586716,3826033
7498,262599288,266520295,3921007
7499,266532060,270355571,3823511
7500,270367111,274270256,3903145
7501,274283500,278120571,3837071
7502,278132186,282006561,3874375
7503,282018339,285862364,3844025
7504,285874989,289756910,3881921
7505,289768455,293595613,3827158
7506,293604930,297430889,3825959
7507,297442502,301278701,3836199
7508,301291606,305184563,3892957
7509,305196279,309121643,3925364
7510,309133607,313037430,3903823
7511,313050010,316911840,3861830
7512,316928006,320839014,3911008
7513,320851045,324782888,3931843
7514,324795758,328699644,3903886
7515,328711916,332555758,3843842
7516,332567584,336471692,3904108
7517,336486783,340338507,3851724
7518,340350300,344205046,3854746
7519,344217039,348117672,3900633
7520,348130438,352030028,3899590
7521,352041889,355892740,3850851
7522,355904311,359814095,3909784
7523,359827464,363673677,3846213
7524,363685382,367548193,3862811
7525,367559725,371419761,3860036
7526,371432419,375293590,3861171
7527,375305273,379166469,3861196
7528,379178781,383041642,3862861
7529,383054214,386910970,3856756
7530,386922515,390785756,3863241
7531,390796907,394667418,3870511
7532,394680189,398543991,3863802
7533,398555461,402423255,3867794
7534,402434630,406297445,3862815
7535,406310093,410179088,3868995
7536,410190700,414055062,3864362
7537,414066895,417949426,3882531
7538,417962686,421853144,3890458
7539,421864611,425792126,3927515
7540,425803558,429680201,3876643
7541,429693199,433551922,3858723
7542,433561214,437441563,3880349
7543,437453031,441420846,3967815
7544,441432447,445312044,3879597
7545,445324519,449254730,3930211
7546,449266701,453159961,3893260
7547,453171431,457051490,3880059
7548,457064210,461016507,3952297
7549,461030856,464920101,3889245
7550,464931990,468831505,3899515
7551,468844329,472734885,3890556
7552,472746620,476643717,3897097
7553,476655285,480550830,3895545
7554,480563658,484459239,3895581
7555,484470662,488358985,3888323
7556,488370096,492268369,3898273
7557,492280962,496169886,3888924
7558,496181241,500081916,3900675
7559,500093482,503984181,3890699
7560,503996658,507903681,3907023
7561,507915434,511812844,3897410
7562,511824595,515743982,3919387
7563,515757352,519664014,3906662
7564,519675379,523691272,4015893
7565,523703726,527612564,3908838
7566,527625254,531533821,3908567
7567,531545351,535461488,3916137
7568,535473229,539386625,3913396
7569,539399227,543304754,3905527
7570,543316337,547224467,3908130
7571,547235822,551148779,3912957
7572,551161705,555073031,3911326
7573,555084756,558991323,3906567
7574,559002728,562925511,3922783
7575,562938549,566857358,3918809
7576,566869176,570789185,3920009
7577,570800703,574715134,3914431
7578,574727731,578653329,3925598
7579,578665197,582583953,3918756
7580,582595358,586524491,3929133
7581,586537389,590456864,3919475
7582,590468096,594397229,3929133
7583,594408594,598331069,3922475
7584,598343459,602282195,3938736
7585,602294251,606220871,3926620
7586,606232168,610172789,3940621
7587,610199515,614181244,3981729
7588,614193143,618179796,3986653
7589,618191263,622175659,3984396
7590,622188352,626184305,3995953
7591,626196220,630131732,3935512
7592,630142958,634091045,3948087
7593,634103747,638053107,3949360
7594,638065090,642012099,3947009
7595,642023556,645974720,3951164
7596,645987407,649927570,3940163
7597,649939150,653898535,3959385
7598,653911055,657857795,3946740
7599,657870533,661820103,3949570
7600,661831746,665772928,3941182
7601,665784099,669736134,3952035
7602,669748456,673701434,3952978
7603,673713317,677664894,3951577
7604,677676176,681630228,3954052
7605,681642728,685593967,3951239
7606,685605301,689582647,3977346
7607,689597485,693551275,3953790
7608,693564011,697527912,3963901
7609,697539540,701494760,3955220
7610,701505777,705481366,3975589
7611,705494470,709451319,3956849
7612,709462651,713427462,3964811
7613,713438664,717381969,3943305
7614,717391005,721354233,3963228
7615,721366858,725334034,3967176
7616,725346254,729306860,3960606
7617,729318239,733284325,3966086
7618,733296762,737253456,3956694
7619,737264763,741234874,3970111
7620,741246840,745206504,3959664
7621,745218896,749182911,3964015
7622,749194566,753158209,3963643
7623,753169606,757143562,3973956
7624,757156310,761128944,3972634
7625,761140755,765109849,3969094
7626,765121559,769096206,3974647
7627,769108779,773075770,3966991
7628,773087187,777061591,3974404
7629,777073317,781042039,3968722
7630,781054744,785024570,3969826
7631,785036581,789004427,3967846
7632,789015834,793042372,4026538
7633,793055474,797073913,4018439
7634,797085508,801103075,4017567
7635,801114600,805140121,4025521
7636,805152944,809119905,3966961
7637,809131480,813104927,3973447
7638,813116767,817086302,3969535
7639,817098962,821071609,3972647
7640,821083277,825058633,3975356
7641,825070196,829100087,4029891
7642,829113105,833090100,3976995
7643,833101420,837091689,3990269
7644,837106272,841093657,3987385
7645,841106194,845093301,3987107
7646,845105242,849087326,3982084
7647,849098761,853091454,3992693
7648,853104615,857089128,3984513
7649,857100693,861086602,3985909
7650,861097967,865142553,4044586
7651,865155549,869203494,4047945
7652,869215174,873257718,4042544
7653,873269288,877291507,4022219
7654,877304350,881351477,4047127
7655,881376687,885414733,4038046
7656,885427539,889425456,3997917
7657,889437573,893474965,4037392
7658,893486472,897481287,3994815
7659,897494151,901481736,3987585
7660,901493341,905481345,3988004
7661,905492893,909483302,3990409
7662,909495855,913519657,4023802
7663,913530954,917615578,4084624
7664,917627457,921724221,4096764
7665,921736666,925727035,3990369
7666,925738730,929858842,4120112
7667,929870152,933926586,4056434
7668,933939750,937934051,3994301
7669,937945686,941937291,3991605
7670,941948586,946076709,4128123
7671,946089167,950096669,4007502
7672,950108951,954273076,4164125
7673,954284445,958404202,4119757
7674,958416779,962482228,4065449
7675,962493630,966589223,4095593
7676,966600936,970676907,4075971
7677,970690058,974740135,4050077
7678,974751733,978818009,4066276
7679,978829531,982837183,4007652
7680,982850136,986866861,4016725
7681,986879042,990887162,4008120
7682,990898384,994962037,4063653
7683,994974677,999044248,4069571
7684,999055665,3128501,-995927164
7685,3139994,7158120,4018126
7686,7170905,11186184,4015279
7687,11197862,15207838,4009976
7688,15219165,19248741,4029576
7689,19261286,23282274,4020988
7690,23294185,27312636,4018451
7691,27323926,31349898,4025972
7692,31362418,35390979,4028561
7693,35402298,39448042,4045744
7694,39459933,43489942,4030009
7695,43502385,47529061,4026676
7696,47540601,51575228,4034627
7697,51586678,55616036,4029358
7698,55628859,59663587,4034728
7699,59675596,63704402,4028806
7700,63715558,67756216,4040658
7701,67768728,71816254,4047526
7702,71827421,75870854,4043433
7703,75882472,79916551,4034079
7704,79929009,83980815,4051806
7705,83992280,88035480,4043200
7706,88046822,92095476,4048654
7707,92108557,96153998,4045441
7708,96165348,100207606,4042258
7709,100218913,104268961,4050048
7710,104281922,108353026,4071104
7711,108364669,112456598,4091929
7712,112468221,116562182,4093961
7713,116591582,120695388,4103806
7714,120707396,124803528,4096132
7715,124814963,128873748,4058785
7716,128887408,132935193,4047785
7717,132946625,136987843,4041218
7718,136999015,141056246,4057231
7719,141069155,145125156,4056001
7720,145137197,149188996,4051799
7721,149214529,153268365,4053836
7722,153280822,157331370,4050548
7723,157342843,161399297,4056454
7724,161412160,165473659,4061499
7725,165485187,169543083,4057896
7726,169554445,173616874,4062429
7727,173629379,177687738,4058359
7728,177699253,181768769,4069516
7729,181780628,185852449,4071821
7730,185864839,189946549,4081710
7731,189961189,194024871,4063682
7732,194036295,198109505,4073210
7733,198122674,202195989,4073315
7734,202207536,206269271,4061735
7735,206280358,210499308,4218950
7736,210526839,214638758,4111919
7737,214659250,218785591,4126341
7738,218807193,222916473,4109280
7739,222931223,227005964,4074741
7740,227019183,231090082,4070899
7741,231104003,235184936,4080933
7742,235198243,239278863,4080620
7743,239290942,243359834,4068892
7744,243371928,247446193,4074265
7745,247459143,251604759,4145616
7746,251616945,255690641,4073696
7747,255701890,259772709,4070819
7748,259785296,264022305,4237009
7749,264033995,268107884,4073889
7750,268119772,272260788,4141016
7751,272273704,276352299,4078595
7752,276364669,280437438,4072769
7753,280448780,284530627,4081847
7754,284543781,288681620,4137839
7755,288693373,292775106,4081733
7756,292786563,296920294,4133731
7757,296933072,301021403,4088331
7758,301033103,305141813,4108710
7759,305154877,309243561,4088684
7760,309254953,313355288,4100335
7761,313366692,317470455,4103763
7762,317482900,321581786,4098886
7763,321593754,325695397,4101643
7764,325706949,329810060,4103111
7765,329822899,333931691,4108792
7766,333946742,338054331,4107589
7767,338066798,342169117,4102319
7768,342182169,346278862,4096693
7769,346290545,350394881,4104336
7770,350406469,354509736,4103267
7771,354522453,358685237,4162784
7772,358697336,362843740,4146404
7773,362854914,366961974,4107060
7774,366974885,371115511,4140626
7775,371127093,375228175,4101082
7776,375240023,379343272,4103249
7777,379355969,383460544,4104575
7778,383472490,387566660,4094170
7779,387577849,391684506,4106657
7780,391697687,395798779,4101092
7781,395810391,399908047,4097656
7782,399919364,404024204,4104840
7783,404037401,408137866,4100465
7784,408149568,412255030,4105462
7785,412266871,416366988,4100117
7786,416379666,420482992,4103326
7787,420494693,424593679,4098986
7788,424605011,428708178,4103167
7789,428721106,432834452,4113346
7790,432846185,436955170,4108985
7791,436966632,441085149,4118517
7792,441097767,445207536,4109769
7793,445219440,449333971,4114531
7794,449346262,453459961,4113699
7795,453471213,457581278,4110065
7796,457592445,461717752,4125307
7797,461730678,465850088,4119410
7798,465861616,470062916,4201300
7799,470074220,474242414,4168194
7800,474255395,478366959,4111564
7801,478378286,482621061,4242775
7802,482635796,486752828,4117032
7803,486765912,490928414,4162502
7804,490945370,495116558,4171188
7805,495136180,499259786,4123606
7806,499273401,503439710,4166309
7807,503451441,507566538,4115097
7808,507577795,511763029,4185234
7809,511778836,516000398,4221562
7810,516015151,520136067,4120916
7811,520148078,524318886,4170808
7812,524331674,528494625,4162951
7813,528506218,532706501,4200283
7814,532722096,536846372,4124276
7815,536859839,540977500,4117661
7816,540989165,545122736,4133571
7817,545137674,549263800,4126126
7818,549275606,553403970,4128364
7819,553415873,557539528,4123655
7820,557552181,561733820,4181639
7821,561745395,565924392,4178997
7822,565935544,570118385,4182841
7823,570131584,574296848,4165264
7824,574308433,578444293,4135860
7825,578456204,582591356,4135152
7826,582603851,586737379,4133528
7827,586749308,590877501,4128193
7828,590888708,595025107,4136399
7829,595037807,599173952,4136145
7830,599185795,603320321,4134526
7831,603331799,607482756,4150957
7832,607496053,611636689,4140636
7833,611648447,615819360,4170913
7834,615830802,619967280,4136478
7835,619979710,624187295,4207585
7836,624199361,628337792,4138431
7837,628360779,632555096,4194317
7838,632568365,636759291,4190926
7839,636771194,641029520,4258326
7840,641042724,645234492,4191768
7841,645246370,649430036,4183666
7842,649441558,653637018,4195460
7843,653649826,657852560,4202734
7844,657865040,662058376,4193336
7845,662069934,666265688,4195754
7846,666278589,670484799,4206210
7847,670496664,674691575,4194911
7848,674702927,678855341,4152414
7849,678868317,683015711,4147394
7850,683027459,687183940,4156481
7851,687195067,691361382,4166315
7852,691376445,695528202,4151757
7853,695540256,699687152,4146896
7854,699698496,703857398,4158902
7855,703870409,708027757,4157348
7856,708039284,712198462,4159178
7857,712210307,716365611,4155304
7858,716378368,720537897,4159529
7859,720549592,724704492,4154900
7860,724715852,728878214,4162362
7861,728891014,733056514,4165500
7862,733067989,737279486,4211497
7863,737291926,741447061,4155135
7864,741458604,745615172,4156568
7865,745626665,749847364,4220699
7866,749860340,754020796,4160456
7867,754032416,758232141,4199725
7868,758244783,762462212,4217429
7869,762474910,766688392,4213482
7870,766700350,770926164,4225814
7871,770940556,775109773,4169217
7872,775123049,779284171,4161122
7873,779295917,783464203,4168286
7874,783476523,787650182,4173659
7875,787663228,791835592,4172364
7876,791847328,796018266,4170938
7877,796029836,800200894,4171058
7878,800213950,804395446,4181496
7879,804407475,808584700,4177225
7880,808596205,812785272,4189067
7881,812798060,816996211,4198151
7882,817007776,821197616,4189840
7883,821210486,825398425,4187939
7884,825409952,829605417,4195465
7885,829617002,833831945,4214943
7886,833847154,838041234,4194080
7887,838053571,842246580,4193009
7888,842258070,846455809,4197739
7889,846468492,850667976,4199484
7890,850679503,854877122,4197619
7891,854889384,859081986,4192602
7892,859094809,863336471,4241662
7893,863348013,867612928,4264915
7894,867628422,871881421,4252999
7895,871894603,876145597,4250994
7896,876157212,880394070,4236858
7897,880406001,884623483,4217482
7898,884636870,888845026,4208156
7899,888856669,893056329,4199660
7900,893069355,897264809,4195454
7901,897276645,901468415,4191770
7902,901479647,905690407,4210760
7903,905702922,909910996,4208074
7904,909922968,914125030,4202062
7905,914136470,918339690,4203220
7906,918352250,922551210,4198960
7907,922562532,926774157,4211625
7908,926786028,930997505,4211477
7909,931009942,935229757,4219815
7910,935241342,939444901,4203559
7911,939456338,943671015,4214677
7912,943684332,947900425,4216093
7913,947912219,952122859,4210640
7914,952134171,956346047,4211876
7915,956358637,960565381,4206744
7916,960576695,964800643,4223948
7917,964813260,969030732,4217472
7918,969041843,973253621,4211778
7919,973265364,977478358,4212994
7920,977490760,981711081,4220321
7921,981722606,985939198,4216592
7922,985950661,990167320,4216659
7923,990179829,994420436,4240607
7924,994431901,998653803,4221902
7925,998665649,2890919,-995774730
7926,2904013,7116944,4212931
7927,7128371,11345096,4216725
7928,11356721,15589785,4233064
7929,15603162,19832396,4229234
7930,19843934,24068999,4225065
7931,24080789,28355842,4275053
7932,28368509,32590236,4221727
7933,32601473,36850949,4249476
7934,36863586,41101627,4238041
7935,41113631,45362274,4248643
7936,45374220,49658737,4284517
7937,49674856,53916533,4241677
7938,53929075,58272993,4343918
7939,58284784,62638596,4353812
7940,62651752,66940178,4288426
7941,66951906,71203732,4251826
7942,71215761,75512582,4296821
7943,75525170,79763732,4238562
7944,79775547,84013448,4237901
7945,84024953,88282914,4257961
7946,88295920,92538617,4242697
7947,92550392,96804055,4253663
7948,96816638,101060049,4243411
7949,101071754,105318363,4246609
7950,105330036,109577745,4247709
7951,109590556,113849100,4258544
7952,113860613,118119210,4258597
7953,118130685,122394365,4263680
7954,122407353,126666898,4259545
7955,126678455,130934396,4255941
7956,130946274,135199552,4253278
7957,135212016,139470902,4258886
7958,139482860,143747783,4264923
7959,143759653,148020484,4260831
7960,148033247,152289047,4255800
7961,152300462,156562442,4261980
7962,156586828,160864568,4277740
7963,160878066,165128719,4250653
7964,165140076,169412313,4272237
7965,169425153,173691975,4266822
7966,173703929,177970470,4266541
7967,177982077,182249235,4267158
7968,182261960,186530083,4268123
7969,186541771,190820626,4278855
7970,190835762,195102675,4266913
7971,195115976,199381152,4265176
7972,199392599,203716728,4324129
7973,203728416,207997385,4268969
7974,208010028,212332731,4322703
7975,212359194,216641367,4282173
7976,216653627,220938414,4284787
7977,220951428,225210363,4258935
7978,225221793,229488896,4267103
7979,229501666,233776036,4274370
7980,233788097,238058956,4270859
7981,238070614,242338592,4267978
7982,242351320,246618189,4266869
7983,246629965,250898030,4268065
7984,250909748,255176467,4266719
7985,255189207,259455052,4265845
7986,259466780,263734867,4268087
7987,263746289,268021060,4274771
7988,268034312,272302286,4267974
7989,272313866,276579824,4265958
7990,276591609,280870685,4279076
7991,280883333,285150751,4267418
7992,285162437,289433321,4270884
7993,289445605,293718702,4273097
7994,293730397,298009649,4279252
7995,298021560,302298140,4276580
7996,302310627,306592828,4282201
7997,306605007,310877996,4272989
7998,310889709,315231666,4341957
7999,315246960,319562551,4315591
8000,319574213,323905770,4331557
8001,323917934,328195431,4277497
8002,328208128,332529055,4320927
8003,332540690,336943771,4403081
8004,336959301,341284267,4324966
8005,341296591,345621512,4324921
8006,345633217,350016727,4383510
8007,350029608,354323991,4294383
8008,354335458,358675239,4339781
8009,358687338,363015787,4328449
8010,363028585,367360871,4332286
8011,367372333,371703717,4331384
8012,371715207,376014123,4298916
8013,376027354,380315209,4287855
8014,380326671,384626271,4299600
8015,384638986,388925500,4286514
8016,388937075,393240718,4303643
8017,393252127,397551555,4299428
8018,397564544,401860332,4295788
8019,401871534,406169653,4298119
8020,406180955,410481427,4300472
8021,410494010,414798093,4304083
8022,414810149,419105434,4295285
8023,419116799,423412901,4296102
8024,423425574,427724856,4299282
8025,427736714,432049804,4313090
8026,432061935,436366673,4304738
8027,436379717,440689531,4309814
8028,440701011,445003791,4302780
8029,445016562,449317204,4300642
8030,449329103,453628467,4299364
8031,453640038,457940347,4300309
8032,457952980,462246738,4293758
8033,462258176,466559267,4301091
8034,466571030,470869527,4298497
8035,470882175,475240593,4358418
8036,475255057,479572568,4317511
8037,479588837,483921693,4332856
8038,483940423,488238246,4297823
8039,488249876,492564187,4314311
8040,492577098,496885556,4308458
8041,496897104,501200801,4303697
8042,501211853,505522948,4311095
8043,505536204,509841042,4304838
8044,509852607,514165546,4312939
8045,514177071,518484901,4307830
8046,518497396,522836332,4338936
8047,522852408,527161213,4308805
8048,527172873,531488830,4315957
8049,531501798,535809200,4307402
8050,535821123,540147633,4326510
8051,540163317,544471240,4307923
8052,544484146,548798817,4314671
8053,548810297,553120793,4310496
8054,553133799,557456953,4323154
8055,557469174,561788492,4319318
8056,561799776,566118823,4319047
8057,566131403,570445294,4313891
8058,570456985,574776212,4319227
8059,574788168,579106260,4318092
8060,579118947,583448043,4329096
8061,583462432,587829115,4366683
8062,587841880,592252383,4410503
8063,592265406,596783197,4517791
8064,596795486,601163783,4368297
8065,601176425,605503982,4327557
8066,605515592,609833899,4318307
8067,609845307,614184739,4339432
8068,614197667,618519606,4321939
8069,618531086,622855124,4324038
8070,622866594,627198003,4331409
8071,627210858,631549730,4338872
8072,631562169,635892470,4330301
8073,635904223,640234443,4330220
8074,640247096,644586108,4339012
8075,644597668,648933614,4335946
8076,648946443,653277154,4330711
8077,653288782,657620120,4331338
8078,657631367,661968856,4337489
8079,661981782,666319292,4337510
8080,666331353,670662088,4330735
8081,670673357,675007888,4334531
8082,675020488,679359034,4338546
8083,679370323,683714743,4344420
8084,683727047,688079449,4352402
8085,688094640,692447998,4353358
8086,692460047,696803259,4343212
8087,696827557,701170042,4342485
8088,701182246,705526395,4344149
8089,705537677,709883565,4345888
8090,709896210,714319733,4423523
8091,714341721,718731468,4389747
8092,718750872,723127172,4376300
8093,723142263,727502395,4360132
8094,727516198,731897964,4381766
8095,731910710,736314558,4403848
8096,736328183,740733381,4405198
8097,740745845,745227465,4481620
8098,745240303,749651449,4411146
8099,749663107,754135522,4472415
8100,754147145,758515537,4368392
8101,758528756,762886555,4357799
8102,762898273,767318210,4419937
8103,767329943,771700800,4370857
8104,771713749,776088609,4374860
8105,776100457,780580363,4479906
8106,780597531,784986452,4388921
8107,784999882,789430144,4430262
8108,789444378,793887162,4442784
8109,793901727,798269966,4368239
8110,798283277,802709783,4426506
8111,802724348,807145132,4420784
8112,807158186,811539591,4381405
8113,811552209,815931760,4379551
8114,815943162,820326452,4383290
8115,820339358,824734409,4395051
8116,824745929,829131379,4385450
8117,829144059,833538463,4394404
8118,833553481,837944690,4391209
8119,837956656,842343626,4386970
8120,842356510,846743789,4387279
8121,846755384,851146595,4391211
8122,851158476,855556601,4398125
8123,855569725,859957746,4388021
8124,859969916,864454131,4484215
8125,864467215,868918738,4451523
8126,868931185,873438731,4507546
8127,873450444,877847642,4397198
8128,877860478,882249777,4389299
8129,882261225,886662961,4401736
8130,886674965,891072972,4398007
8131,891085825,895478693,4392868
8132,895490097,899881188,4391091
8133,899892543,904292185,4399642
8134,904305409,908711571,4406162
8135,908723141,913118763,4395622
8136,913131483,917525315,4393832
8137,917536650,921938296,4401646
8138,921950553,926344283,4393730
8139,926357146,930751781,4394635
8140,930763426,935154512,4391086
8141,935165967,939570814,4404847
8142,939584399,943978064,4393665
8143,943989556,948421560,4432004
8144,948434275,952880184,4445909
8145,952891719,957294431,4402712
8146,957306474,961755629,4449155
8147,961768687,966211645,4442958
8148,966223130,970627322,4404192
8149,970638874,975039722,4400848
8150,975052379,979459782,4407403
8151,979471718,983873870,4402152
8152,983885192,988300978,4415786
8153,988313861,992716908,4403047
8154,992728042,997134111,4406069
8155,997147145,1552014,-995595131
8156,1563912,5965551,4401639
8157,5976855,10381276,4404421
8158,10394155,14800632,4406477
8159,14812678,19241923,4429245
8160,19253275,23710363,4457088
8161,23723332,28169319,4445987
8162,28180869,32657243,4476374
8163,32670565,37125611,4455046
8164,37136971,41547080,4410109
8165,41558572,45994873,4436301
8166,46007696,50469905,4462209
8167,50481938,54941761,4459823
8168,54953236,59370549,4417313
8169,59383227,63801375,4418148
8170,63812988,68351736,4538748
8171,68365133,72830245,4465112
8172,72841715,77268622,4426907
8173,77279901,81705713,4425812
8174,81718448,86147958,4429510
8175,86160025,90585848,4425823
8176,90597499,95025598,4428099
8177,95038206,99462261,4424055
8178,99473660,103904110,4430450
8179,103916117,108359653,4443536
8180,108372496,112803816,4431320
8181,112815273,117251732,4436459
8182,117264352,121696994,4432642
8183,121708289,126148467,4440178
8184,126160471,130595091,4434620
8185,130607789,135042567,4434778
8186,135054315,139487804,4433489
8187,139499525,143940269,4440744
8188,143953295,148399359,4446064
8189,148410967,152846709,4435742
8190,152859312,157295942,4436630
8191,157307477,161746500,4439023
8192,161758280,166206122,4447842
8193,166218832,170661010,4442178
8194,170672696,175114054,4441358
8195,175125101,179587524,4462423
8196,179600984,184041428,4440444
8197,184052887,188526244,4473357
8198,188541458,193037605,4496147
8199,193049816,197501818,4452002
8200,197513706,201985041,4471335
8201,201997862,206444100,4446238
8202,206455690,210904253,4448563
8203,210915923,215506221,4590298
8204,215534100,220029550,4495450
8205,220041260,224607377,4566117
8206,224620004,229114946,4494942
8207,229126877,233581316,4454439
8208,233593681,238038104,4444423
8209,238050870,242493368,4442498
8210,242505014,246955053,4450039
8211,246966350,251423420,4457070
8212,251452384,255903982,4451598
8213,255916184,260377592,4461408
8214,260390245,264844862,4454617
8215,264856435,269309792,4453357
8216,269321518,273776012,4454494
8217,273788720,278238203,4449483
8218,278249748,282705290,4455542
8219,282716828,287173956,4457128
8220,287186834,291649448,4462614
8221,291661725,296123004,4461279
8222,296134642,300616757,4482115
8223,300629322,305098785,4469463
8224,305109987,309582530,4472543
8225,309595473,314064029,4468556
8226,314075517,318545879,4470362
8227,318557314,323029930,4472616
8228,323043034,327512537,4469503
8229,327524428,331992267,4467839
8230,332003859,336499382,4495523
8231,336514674,341031700,4517026
8232,341043117,345522850,4479733
8233,345535991,350122644,4586653
8234,350134993,354615931,4480938
8235,354627399,359112482,4485083
8236,359125340,363666053,4540713
8237,363678037,368225594,4547557
8238,368238650,372731484,4492834
8239,372743049,377232309,4489260
8240,377243681,381743571,4499890
8241,381756840,386249311,4492471
8242,386260956,390757033,4496077
8243,390768473,395256267,4487794
8244,395269030,399775381,4506351
8245,399787359,404301508,4514149
8246,404314487,408810839,4496352
8247,408822088,413320415,4498327
8248,413331710,417836462,4504752
8249,417849506,422350331,4500825
8250,422361896,426860233,4498337
8251,426871242,431372276,4501034
8252,431385109,435942025,4556916
8253,435954235,440517519,4563284
8254,440530230,445064089,4533859
8255,445075692,449622484,4546792
8256,449634558,454193460,4558902
8257,454206674,458706113,4499439
8258,458717791,463214374,4496583
8259,463225651,467786227,4560576
8260,467801390,472319697,4518307
8261,472332072,476836205,4504133
8262,476849183,481348603,4499420
8263,481360040,485861687,4501647
8264,485873137,490386934,4513797
8265,490399707,494914981,4515274
8266,494926757,499438178,4511421
8267,499450061,503959292,4509231
8268,503972187,508493562,4521375
8269,508505202,513016723,4511521
8270,513029584,517546377,4516793
8271,517558023,522073288,4515265
8272,522084853,526604180,4519327
8273,526616885,531204633,4587748
8274,531219080,535741843,4522763
8275,535753418,540296432,4543014
8276,540309300,544834606,4525306
8277,544846272,549375196,4528924
8278,549388200,553910865,4522665
8279,553922390,558443892,4521502
8280,558455126,562980999,4525873
8281,562993659,567520437,4526778
8282,567532315,572073229,4540914
8283,572085633,576616097,4530464
8284,576628286,581191002,4562716
8285,581207817,585787838,4580021
8286,585802466,590400869,4598403
8287,590415116,595053304,4638188
8288,595066210,599657344,4591134
8289,599671923,604421026,4749103
8290,604433591,608969827,4536236
8291,608983362,613568215,4584853
8292,613580061,618121182,4541121
8293,618133053,622682234,4549181
8294,622695275,627246418,4551143
8295,627258083,631803257,4545174
8296,631814504,636372013,4557509
8297,636384838,640937971,4553133
8298,640950080,645503238,4553158
8299,645515981,650071915,4555934
8300,650083631,654636002,4552371
8301,654647141,659210717,4563576
8302,659224091,663783809,4559718
8303,663795653,668363232,4567579
8304,668375812,672932200,4556388
8305,672943873,677502795,4558922
8306,677514628,682082726,4568098
8307,682095519,686650354,4554835
8308,686661871,691234425,4572554
8309,691249128,695814585,4565457
8310,695828178,700402007,4573829
8311,700413793,704977120,4563327
8312,704990081,709553042,4562961
8313,709564427,714136066,4571639
8314,714148113,718757932,4609819
8315,718770720,723334803,4564083
8316,723346276,728130312,4784036
8317,728143108,732822685,4679577
8318,732834729,737407641,4572912
8319,737419201,742053788,4634587
8320,742066481,746639238,4572757
8321,746651016,751233712,4582696
8322,751246109,755869554,4623445
8323,755882492,760462858,4580366
8324,760474581,765099557,4624976
8325,765112402,769720927,4608525
8326,769733470,774307325,4573855
8327,774318985,779006802,4687817
8328,779019444,783594522,4575078
8329,783606099,788254577,4648478
8330,788268187,792904483,4636296
8331,792916231,797492437,4576206
8332,797503706,802133294,4629588
8333,802146220,806783882,4637662
8334,806795755,811393321,4597566
8335,811405130,816000717,4595587
8336,816025967,820613133,4587166
8337,820625190,825209018,4583828
8338,825221780,829808333,4586553
8339,829820329,834413778,4593449
8340,834429175,839027383,4598208
8341,839040527,843622471,4581944
8342,843633958,848230346,4596388
8343,848243254,852825577,4582323
8344,852837558,857426338,4588780
8345,857437981,862055142,4617161
8346,862068313,866712132,4643819
8347,866723991,871357302,4633311
8348,871369115,876031734,4662619
8349,876045101,880751334,4706233
8350,880767145,885372309,4605164
8351,885388137,889977691,4589554
8352,889989540,894577932,4588392
8353,894589660,899174482,4584822
8354,899187328,903780328,4593000
8355,903792527,908404159,4611632
8356,908417311,913005384,4588073
8357,913016907,917607830,4590923
8358,917619217,922217224,4598007
8359,922230222,926831503,4601281
8360,926843105,931429274,4586169
8361,931440494,936045851,4605357
8362,936058712,940655141,4596429
8363,940666941,945265640,4598699
8364,945278298,949890511,4612213
8365,949902237,954496388,4594151
8366,954507888,959116310,4608422
8367,959129321,963739249,4609928
8368,963751153,968363933,4612780
8369,968376488,972975726,4599238
8370,972987121,977605379,4618258
8371,977617433,982226214,4608781
8372,982238944,986842257,4603313
8373,986853764,991460768,4607004
8374,991472341,996107055,4634714
8375,996120954,727326,-995393628
8376,738588,5346583,4607995
8377,5359427,10000923,4641496
8378,10014751,14642940,4628189
8379,14655277,19272135,4616858
8380,19284863,23915400,4630537
8381,23927128,28543354,4616226
8382,28556069,33180911,4624842
8383,33193047,37807381,4614334
8384,37818763,42488045,4669282
8385,42500820,47174909,4674089
8386,47186870,51831511,4644641
8387,51844858,56456315,4611457
8388,56467649,61090085,4622436
8389,61101312,65723827,4622515
8390,65736322,70372408,4636086
8391,70384526,75038051,4653525
8392,75049371,79679347,4629976
8393,79691905,84331078,4639173
8394,84342397,88978468,4636071
8395,88991737,93627773,4636036
8396,93639361,98268450,4629089
8397,98279932,102917494,4637562
8398,102930353,107617736,4687383
8399,107629963,112274389,4644426
8400,112287122,116919208,4632086
8401,116930783,121564293,4633510
8402,121575923,126214695,4638772
8403,126228029,130859456,4631427
8404,130871264,135507330,4636066
8405,135518712,140167345,4648633
8406,140180602,144812229,4631627
8407,144824265,149458196,4633931
8408,149471237,154111781,4640544
8409,154123784,158758156,4634372
8410,158769654,163408179,4638525
8411,163421584,168061474,4639890
8412,168073214,172714996,4641782
8413,172728082,177356670,4628588
8414,177368340,182019372,4651032
8415,182031335,186664236,4632901
8416,186677442,191328569,4651127
8417,191343389,195992384,4648995
8418,196005560,200642621,4637061
8419,200654782,205296296,4641514
8420,205307778,209949006,4641228
8421,209963538,214678550,4715012
8422,214716094,219489779,4773685
8423,219517978,224191827,4673849
8424,224206142,228890427,4684285
8425,228911044,233601296,4690252
8426,233614929,238269727,4654798
8427,238281958,242942009,4660051
8428,242954023,247608168,4654145
8429,247620896,252313341,4692445
8430,252325405,257025168,4699763
8431,257038463,261701498,4663035
8432,261713759,266473616,4759857
8433,266485466,271145349,4659883
8434,271158007,275954152,4796145
8435,275966795,280691101,4724306
8436,280704034,285431989,4727955
8437,285443780,290161580,4717800
8438,290173243,294900158,4726915
8439,294913686,299601575,4687889
8440,299613203,304370964,4757761
8441,304383968,309100428,4716460
8442,309112376,313790723,4678347
8443,313803250,318470079,4666829
8444,318483023,323262323,4779300
8445,323274269,328062415,4788146
8446,328075291,332772219,4696928
8447,332787924,337462517,4674593
8448,337474398,342159788,4685390
8449,342172784,346858932,4686148
8450,346871111,351558862,4687751
8451,351571134,356267890,4696756
8452,356280643,361084181,4803538
8453,361099996,365789738,4689742
8454,365803185,370489380,4686195
8455,370501943,375181054,4679111
8456,375192466,379895827,4703361
8457,379908881,384591333,4682452
8458,384602725,389290958,4688233
8459,389304114,393986357,4682243
8460,393998288,398683529,4685241
8461,398694984,403381478,4686494
8462,403408219,408112881,4704662
8463,408125218,412818894,4693676
8464,412831827,417616695,4784868
8465,417628524,422349703,4721179
8466,422361115,427172603,4811488
8467,427186043,432102130,4916087
8468,432114036,436928628,4814592
8469,436941684,441752006,4810322
8470,441763751,446465286,4701535
8471,446477803,451238907,4761104
8472,451251598,456018069,4766471
8473,456032752,460783249,4750497
8474,460796142,465599214,4803072
8475,465611118,470312950,4701832
8476,470324894,475034631,4709737
8477,475047970,479864159,4816189
8478,479875661,484678939,4803278
8479,484692118,489504131,4812013
8480,489515731,494329305,4813574
8481,494340973,499203740,4862767
8482,499216298,504083380,4867082
8483,504095286,508800689,4705403
8484,508813690,513509546,4695856
8485,513520954,518219899,4698945
8486,518231477,522949406,4717929
8487,522962924,527724324,4761400
8488,527736139,532621265,4885126
8489,532639641,537389270,4749629
8490,537402918,542163223,4760305
8491,542178203,546940092,4761889
8492,546954819,551732365,4777546
8493,551744504,556450767,4706263
8494,556463928,561218780,4754852
8495,561231445,565929900,4698455
8496,565941495,570733889,4792394
8497,570746762,575509518,4762756
8498,575581577,580395029,4813452
8499,580408549,585150645,4742096
8500,585162233,589862309,4700076
8501,589873936,594576210,4702274
8502,594589033,599304305,4715272
8503,599316664,604041666,4725002
8504,604054346,608768814,4714468
8505,608780141,613485169,4705028
8506,613496538,618258840,4762302
8507,618272310,623030742,4758432
8508,623042378,627866346,4823968
8509,627879325,632588903,4709578
8510,632600514,637353619,4753105
8511,637365304,642129666,4764362
8512,642142249,646901308,4759059
8513,646913046,651639099,4726053
8514,651652108,656372322,4720214
8515,656384498,661101294,4716796
8516,661112952,665829527,4716575
8517,665842257,670563967,4721710
8518,670575781,675302295,4726514
8519,675314386,680040707,4726321
8520,680053621,684769532,4715911
8521,684780962,689517961,4736999
8522,689533263,694265227,4731964
8523,694277702,698999515,4721813
8524,699010960,703754214,4743254
8525,703767292,708500896,4733604
8526,708512531,713422681,4910150
8527,713441544,718203903,4762359
8528,718222415,722987331,4764916
8529,723010256,727851196,4840940
8530,727874033,732728104,4854071
8531,732755025,737506328,4751303
8532,737525913,742345907,4819994
8533,742364853,747134971,4770118
8534,747156683,752626305,5469622
8535,752654625,758062806,5408181
8536,758081386,762820569,4739183
8537,762834014,767579238,4745224
8538,767590958,772344600,4753642
8539,772357879,777114520,4756641
8540,777130034,781879574,4749540
8541,781891362,786643943,4752581
8542,786656769,791423684,4766915
8543,791435650,796185668,4750018
8544,796198503,800955388,4756885
8545,800967005,805725794,4758789
8546,805737179,810498456,4761277
8547,810511409,815269577,4758168
8548,815281352,820062128,4780776
8549,820075279,824832908,4757629
8550,824844430,829603001,4758571
8551,829614691,834441347,4826656
8552,834456743,839217179,4760436
8553,839229275,843999378,4770103
8554,844012021,848782262,4770241
8555,848794526,853548420,4753894
8556,853560454,858325177,4764723
8557,858338173,863097974,4759801
8558,863109469,867886096,4776627
8559,867899347,872735746,4836399
8560,872752276,877505995,4753719
8561,877517918,882341466,4823548
8562,882354721,887121646,4766925
8563,887134108,891951579,4817471
8564,891964515,896780114,4815599
8565,896791812,901607053,4815241
8566,901618495,906396121,4777626
8567,906409436,911175163,4765727
8568,911187012,915965081,4778069
8569,915977621,920750278,4772657
8570,920761788,925528230,4766442
8571,925540088,930310519,4770431
8572,930323616,935091576,4767960
8573,935103319,939883847,4780528
8574,939896786,944676051,4779265
8575,944688052,949460942,4772890
8576,949472211,954247772,4775561
8577,954260520,959037624,4777104
8578,959049262,963837954,4788692
8579,963850965,968620868,4769903
8580,968632325,973481715,4849390
8581,973499583,978302865,4803282
8582,978318349,983106768,4788419
8583,983120942,987990275,4869333
8584,988004809,992953296,4948487
8585,992965442,997745156,4779714
8586,997770802,2614779,-995156023
8587,2628211,7416979,4788768
8588,7428579,12212851,4784272
8589,12225584,17020133,4794549
8590,17032487,21811063,4778576
8591,21822709,26612446,4789737
8592,26625625,31429424,4803799
8593,31441205,36229780,4788575
8594,36242806,41024444,4781638
8595,41036104,45821757,4785653
8596,45833287,50617348,4784061
8597,50630151,55429993,4799842
8598,55442137,60236144,4794007
8599,60248920,65043479,4794559
8600,65055257,69925344,4870087
8601,69943089,74863062,4919973
8602,74879421,79755475,4876054
8603,79770353,84696636,4926283
8604,84711048,89623679,4912631
8605,89637873,94553170,4915297
8606,94565334,99386507,4821173
8607,99399766,104193601,4793835
8608,104205401,109001138,4795737
8609,109013944,113820068,4806124
8610,113832628,118636462,4803834
8611,118647957,123527644,4879687
8612,123540879,128402708,4861829
8613,128414514,133223689,4809175
8614,133236989,138103885,4866896
8615,138115949,142967695,4851746
8616,142979177,147803555,4824378
8617,147816704,152681989,4865285
8618,152693880,157550931,4857051
8619,157563764,162424040,4860276
8620,162435690,167350010,4914320
8621,167363003,172284463,4921460
8622,172301393,177169355,4867962
8623,177181343,181991489,4810146
8624,182004463,186882366,4877903
8625,186897768,191738805,4841037
8626,191752458,196567551,4815093
8627,196579204,201396479,4817275
8628,201408298,206232648,4824350
8629,206245444,211072149,4826705
8630,211084023,215928887,4844864
8631,215941617,220840470,4898853
8632,220868597,225708925,4840328
8633,225720616,230560430,4839814
8634,230573599,235419543,4845944
8635,235431241,240268008,4836767
8636,240281275,245117924,4836649
8637,245129394,249971632,4842238
8638,249983503,254814887,4831384
8639,254827725,259673248,4845523
8640,259684989,264523836,4838847
8641,264536546,269375577,4839031
8642,269387728,274232908,4845180
8643,274244430,279087639,4843209
8644,279100404,283953977,4853573
8645,283965662,288815415,4849753
8646,288828324,293670186,4841862
8647,293681683,298529497,4847814
8648,298541004,303406053,4865049
8649,303419074,308268682,4849608
8650,308280342,313155086,4874744
8651,313173266,318030122,4856856
8652,318042266,322903536,4861270
8653,322915518,327777740,4862222
8654,327790436,332663567,4873131
8655,332678470,337529694,4851224
8656,337542445,342400115,4857670
8657,342412426,347338121,4925695
8658,347351054,352253882,4902828
8659,352265374,357120169,4854795
8660,357131700,361985670,4853970
8661,361998841,366850885,4852044
8662,366862696,371737161,4874465
8663,371750380,376597793,4847413
8664,376609318,381477314,4867996
8665,381489348,386349667,4860319
8666,386362224,391237188,4874964
8667,391248963,396110231,4861268
8668,396122872,400983624,4860752
8669,400995505,405873400,4877895
8670,405885053,410752143,4867090
8671,410764788,415647991,4883203
8672,415659626,420531823,4872197
8673,420544927,425414167,4869240
8674,425425624,430296503,4870879
8675,430307948,435185620,4877672
8676,435198343,440089560,4891217
8677,440101654,444971932,4870278
8678,444984670,449863026,4878356
8679,449874671,454756138,4881467
8680,454768066,459668307,4900241
8681,459681604,464555530,4873926
8682,464567050,469452849,4885799
8683,469465344,474349068,4883724
8684,474360593,479325526,4964933
8685,479340542,484230800,4890258
8686,484242460,489125631,4883171
8687,489136978,494030931,4893953
8688,494044073,498931704,4887631
8689,498944018,503847299,4903281
8690,503859965,508748310,4888345
8691,508759705,513716726,4957021
8692,513731619,518636356,4904737
8693,518649858,523550187,4900329
8694,523561720,528472376,4910656
8695,528485134,533390262,4905128
8696,533402185,538308140,4905955
8697,538319600,543294209,4974609
8698,543308110,548209882,4901772
8699,548221307,553126184,4904877
8700,553139596,558047238,4907642
8701,558058617,562966454,4907837
8702,562977904,567903985,4926081
8703,567916525,572828519,4911994
8704,572840625,577752484,4911859
8705,577765222,582677572,4912350
8706,582689192,587612459,4923267
8707,587625262,592541606,4916344
8708,592553978,597469644,4915666
8709,597480906,602409247,4928341
8710,602422276,607345492,4923216
8711,607372799,612300628,4927829
8712,612314271,617238615,4924344
8713,617250506,622172153,4921647
8714,622183640,627124914,4941274
8715,627137976,632072872,4934896
8716,632084961,637012764,4927803
8717,637025374,641954338,4928964
8718,641965909,646885551,4919642
8719,646896906,651845197,4948291
8720,651858588,656792981,4934393
8721,656804559,661741409,4936850
8722,661753997,666685666,4931669
8723,666697236,671650985,4953749
8724,671664091,676646794,4982703
8725,676658465,681595418,4936953
8726,681606918,686537695,4930777
8727,686550345,691520295,4969950
8728,691535938,696468065,4932127
8729,696480978,701417962,4936984
8730,701429793,706366193,4936400
8731,706378026,711363915,4985889
8732,711383178,716379141,4995963
8733,716402476,721358581,4956105
8734,721373472,726358819,4985347
8735,726372953,731332673,4959720
8736,731347433,736306733,4959300
8737,736318481,741299310,4980829
8738,741310897,746322965,5012068
8739,746336362,751375099,5038737
8740,751387291,756429130,5041839
8741,756442457,761395487,4953030
8742,761407032,766418248,5011216
8743,766430349,771421808,4991459
8744,771437270,776438057,5000787
8745,776449594,781414139,4964545
8746,781427463,786391344,4963881
8747,786403758,791383078,4979320
8748,791396079,796360381,4964302
8749,796372124,801342222,4970098
8750,801353750,806326025,4972275
8751,806339084,811321734,4982650
8752,811333417,816302735,4969318
8753,816315736,821338640,5022904
8754,821350536,826378417,5027881
8755,826390315,831553988,5163673
8756,831567079,836552376,4985297
8757,836567429,841552069,4984640
8758,841565200,846592295,5027095
8759,846604865,851647060,5042195
8760,851660033,856691417,5031384
8761,856703080,861739226,5036146
8762,861751207,866849990,5098783
8763,866981839,872082218,5100379
8764,872094012,877132635,5038623
8765,877145691,882181942,5036251
8766,882194507,887198787,5004280
8767,887211773,892193551,4981778
8768,892205259,897270562,5065303
8769,897286763,902276182,4989419
8770,902289471,907302695,5013224
8771,907314458,912303589,4989131
8772,912316434,917301972,4985538
8773,917313747,922305121,4991374
8774,922317253,927314134,4996881
8775,927326774,932318847,4992073
8776,932330818,937314481,4983663
8777,937327191,942316533,4989342
8778,942328296,947328220,4999924
8779,947340815,952329407,4988592
8780,952340917,957329093,4988176
8781,957340683,962349338,5008655
8782,962362572,967365017,5002445
8783,967376968,972374008,4997040
8784,972386696,977387176,5000480
8785,977398809,982402826,5004017
8786,982414854,987438166,5023312
8787,987451097,992446656,4995559
8788,992458003,997470044,5012041
8789,997483158,2486159,-994996999
8790,2498298,7553855,5055557
8791,7566921,12657306,5090385
8792,12668719,17675677,5006958
8793,17687676,22740926,5053250
8794,22753937,27820403,5066466
8795,27832261,32837173,5004912
8796,32849918,37856907,5006989
8797,37869394,42888304,5018910
8798,42901182,47898630,4997448
8799,47910288,52914294,5004006
8800,52925890,57934527,5008637
8801,57947769,62978058,5030289
8802,62989741,67993056,5003315
8803,68006007,73008304,5002297
8804,73019779,78041824,5022045
8805,78053860,83074255,5020395
8806,83086567,88148015,5061448
8807,88159305,93173641,5014336
8808,93186258,98263307,5077049
8809,98275441,103408568,5133127
8810,103421486,108490656,5069170
8811,108502211,113527080,5024869
8812,113538534,118561543,5023009
8813,118574427,123605768,5031341
8814,123617023,128638130,5021107
8815,128650773,133681092,5030319
8816,133693126,138711048,5017922
8817,138722964,143759518,5036554
8818,143772544,148794471,5021927
8819,148806156,153876917,5070761
8820,153889756,158932497,5042741
8821,158944207,163968543,5024336
8822,163981057,169026084,5045027
8823,169037667,174072084,5034417
8824,174083937,179195683,5111746
8825,179208757,184249078,5040321
8826,184260555,189355600,5095045
8827,189370990,194423838,5052848
8828,194436094,199483472,5047378
8829,199496065,204537992,5041927
8830,204549617,209586504,5036887
8831,209597954,214635245,5037291
8832,214648334,219825359,5177025
8833,219855709,224912939,5057230
8834,224926296,229974565,5048269
8835,229986095,235057763,5071668
8836,235071105,240116119,5045014
8837,240141187,245189314,5048127
8838,245201067,250303854,5102787
8839,250316807,255494579,5177772
8840,255506898,260630813,5123915
8841,260643606,265709002,5065396
8842,265721191,270802868,5081677
8843,270815638,275878453,5062815
8844,275890181,280955320,5065139
8845,280966780,286031766,5064986
8846,286044995,291188485,5143490
8847,291201005,296383458,5182453
8848,296396353,301506328,5109975
8849,301517988,306636385,5118397
8850,306648005,311815537,5167532
8851,311828846,316895600,5066754
8852,316907258,322031015,5123757
8853,322043768,327120513,5076745
8854,327132181,332216859,5084678
8855,332229747,337313845,5084098
8856,337328588,342400356,5071768
8857,342412187,347500725,5088538
8858,347513438,352593982,5080544
8859,352606001,357673914,5067913
8860,357686755,362770286,5083531
8861,362782114,367856444,5074330
8862,367869087,372950842,5081755
8863,372962758,378042891,5080133
8864,378054411,383153030,5098619
8865,383165725,388263130,5097405
8866,388274878,393367208,5092330
8867,393380068,398461853,5081785
8868,398473288,403587106,5113818
8869,403599874,408811451,5211577
8870,408823399,413918012,5094613
8871,413929354,419148822,5219468
8872,419162011,424308739,5146728
8873,424320336,429472634,5152298
8874,429485588,434584022,5098434
8875,434595672,439699474,5103802
8876,439712024,444821332,5109308
8877,444833210,449933990,5100780
8878,449945949,455051409,5105460
8879,455064105,460168591,5104486
8880,460180239,465277545,5097306
8881,465290030,470388424,5098394
8882,470400375,475576255,5175880
8883,475591043,480687397,5096354
8884,480698889,485803431,5104542
8885,485815490,490929333,5113843
8886,490942008,496034323,5092315
8887,496045715,501158531,5112816
8888,501171301,506330355,5159054
8889,506343569,511455719,5112150
8890,511468282,516584802,5116520
8891,516596755,521748888,5152133
8892,521760418,526932496,5172078
8893,526945928,532128240,5182312
8894,532143534,537264436,5120902
8895,537277773,542437326,5159553
8896,542449475,547681109,5231634
8897,547694747,552862892,5168145
8898,552874665,558037283,5162618
8899,558048886,563276285,5227399
8900,563289128,568452447,5163319
8901,568464539,573638904,5174365
8902,573651948,578778256,5126308
8903,578789979,583905103,5115124
8904,583918011,589038415,5120404
8905,589050434,594166210,5115776
8906,594177898,599303632,5125734
8907,599316427,604434325,5117898
8908,604446271,609570472,5124201
8909,609583325,614702564,5119239
8910,614713999,619832764,5118765
8911,619845207,624968866,5123659
8912,624981085,630088228,5107143
8913,630099873,635242117,5142244
8914,635255073,640370912,5115839
8915,640382422,645500756,5118334
8916,645513800,650649876,5136076
8917,650661990,655777686,5115696
8918,655790421,660903052,5112631
8919,660914730,666044865,5130135
8920,666056924,671185360,5128436
8921,671197998,676309067,5111069
8922,676320610,681446334,5125724
8923,681459164,686589853,5130689
8924,686606738,691740978,5134240
8925,691756129,696880242,5124113
8926,696892093,702024293,5132200
8927,702036595,707170186,5133591
8928,707183130,712308421,5125291
8929,712320026,717450379,5130353
8930,717463207,722656551,5193344
8931,722668649,727807741,5139092
8932,727820542,732997706,5177164
8933,733009254,738138236,5128982
8934,738149801,743314047,5164246
8935,743327595,748466651,5139056
8936,748478106,753615147,5137041
8937,753627805,758789355,5161550
8938,758801065,763948152,5147087
8939,763961309,769097746,5136437
8940,769109437,774259885,5150448
8941,774271626,779428720,5157094
8942,779441789,784592510,5150721
8943,784604918,789756766,5151848
8944,789769624,794932307,5162683
8945,794943877,800094591,5150714
8946,800107883,805258394,5150511
8947,805269936,810422136,5152200
8948,810449404,815595875,5146471
8949,815607360,820759984,5152624
8950,820771602,825926185,5154583
8951,825939169,831101218,5162049
8952,831112810,836278633,5165823
8953,836294090,841461978,5167888
8954,841474270,846647327,5173057
8955,846659959,851812350,5152391
8956,851824076,856989334,5165258
8957,857000932,862166387,5165455
8958,862179591,867346261,5166670
8959,867358154,872517535,5159381
8960,872530128,877691392,5161264
8961,877716517,882903004,5186487
8962,882916572,888071533,5154961
8963,888083043,893244942,5161899
8964,893256369,898490028,5233659
8965,898503230,903720966,5217736
8966,903732870,908959743,5226873
8967,908972629,914189473,5216844
8968,914201209,919438928,5237719
8969,919453024,924630269,5177245
8970,924642009,929818149,5176140
8971,929829915,935019707,5189792
8972,935032191,940229600,5197409
8973,940243668,945488638,5244970
8974,945504117,950752888,5248771
8975,950766069,955993802,5227733
8976,956006514,961258205,5251691
8977,961270544,966619727,5349183
8978,966632638,971904096,5271458
8979,971915959,977098168,5182209
8980,977109826,982418961,5309135
8981,982432403,987611460,5179057
8982,987622814,992855639,5232825
8983,992868437,998160170,5291733
8984,998171981,3423159,-994748822
8985,3436261,8621447,5185186
8986,8633458,13813562,5180104
8987,13825067,19087786,5262719
8988,19101030,24287951,5186921
8989,24299634,29481279,5181645
8990,29494017,34700003,5205986
8991,34712019,39905134,5193115
8992,39917950,45104034,5186084
8993,45115742,50389336,5273594
8994,50405795,55602594,5196799
8995,55614232,60810009,5195777
8996,60821825,66011176,5189351
8997,66023824,71219934,5196110
8998,71231577,76429894,5198317
8999,76443036,81628064,5185028
9000,81639847,86844467,5204620
9001,86857213,92053373,5196160
9002,92065146,97272377,5207231
9003,97284030,102500627,5216597
9004,102513530,107712477,5198947
9005,107724037,112982475,5258438
9006,112995131,118205873,5210742
9007,118218180,123433892,5215712
9008,123446592,128654555,5207963
9009,128666324,133881659,5215335
9010,133893224,139122310,5229086
9011,139135489,144343420,5207931
9012,144355198,149580979,5225781
9013,149593662,154825715,5232053
9014,154837147,160126836,5289689
9015,160140679,165366086,5225407
9016,165377619,170619490,5241871
9017,170632603,175917706,5285103
9018,175929845,181158688,5228843
9019,181170223,186411065,5240842
9020,186424061,191661610,5237549
9021,191676152,196917359,5241207
9022,196930947,202163258,5232311
9023,202175149,207414590,5239441
9024,207427295,212691014,5263719
9025,212712613,218057844,5345231
9026,218080989,223443436,5362447
9027,223471952,228731947,5259995
9028,228743828,233967681,5223853
9029,233981800,239411395,5429595
9030,239423744,244699277,5275533
9031,244713596,250001535,5287939
9032,250013376,255380346,5366970
9033,255393941,260678008,5284067
9034,260689779,265977653,5287874
9035,265989158,271290344,5301186
9036,271303332,276545074,5241742
9037,276557446,281795839,5238393
9038,281808690,287062899,5254209
9039,287075333,292317499,5242166
9040,292330329,297571943,5241614
9041,297584039,302829933,5245894
9042,302842616,308092940,5250324
9043,308104255,313367776,5263521
9044,313383188,318658557,5275369
9045,318671939,323917111,5245172
9046,323928573,329186403,5257830
9047,329199414,334487539,5288125
9048,334502720,339762501,5259781
9049,339775745,345027734,5251989
9050,345039281,350312338,5273057
9051,350325045,355601252,5276207
9052,355613343,360878748,5265405
9053,360890348,366163798,5273450
9054,366176423,371437318,5260895
9055,371448835,376719287,5270452
9056,376732601,382002264,5269663
9057,382013902,387297245,5283343
9058,387309991,392570234,5260243
9059,392581789,397842312,5260523
9060,397854048,403142139,5288091
9061,403154995,408431374,5276379
9062,408442934,413724500,5281566
9063,413737754,419024107,5286353
9064,419036071,424306964,5270893
9065,424319682,429592039,5272357
9066,429603953,434896620,5292667
9067,434909654,440182708,5273054
9068,440194288,445477262,5282974
9069,445488998,450775306,5286308
9070,450788122,456075519,5287397
9071,456087844,461375277,5287433
9072,461387932,466737463,5349531
9073,466752025,472059764,5307739
9074,472073156,477398910,5325754
9075,477411042,482759841,5348799
9076,482778411,488156104,5377693
9077,488175520,493510572,5335052
9078,493522984,498823438,5300454
9079,498836973,504112422,5275449
9080,504123924,509407819,5283895
9081,509420609,514749925,5329316
9082,514765985,520058192,5292207
9083,520071428,525350621,5279193
9084,525362452,530714341,5351889
9085,530730229,536019198,5288969
9086,536042716,541334322,5291606
9087,541346564,546649106,5302542
9088,546662192,551939325,5277133
9089,551950783,557240534,5289751
9090,557253607,562545611,5292004
9091,562557206,567845451,5288245
9092,567858026,573158270,5300244
9093,573170604,578474233,5303629
9094,578487096,583776336,5289240
9095,583788375,589073094,5284719
9096,589084872,594397046,5312174
9097,594410268,599703490,5293222
9098,599715037,605010663,5295626
9099,605023775,610326053,5302278
9100,610337788,615629717,5291929
9101,615642693,620932208,5289515
9102,620943851,626251565,5307714
9103,626264478,631561935,5297457
9104,631573899,636873160,5299261
9105,636885124,642204778,5319654
9106,642217814,647519401,5301587
9107,647531144,652843226,5312082
9108,652856190,658168257,5312067
9109,658180055,663482158,5302103
9110,663495019,668803294,5308275
9111,668814907,674139862,5324955
9112,674153399,679460827,5307428
9113,679472585,684789975,5317390
9114,684801555,690197559,5396004
9115,690213658,695528255,5314597
9116,695540224,700849604,5309380
9117,700862555,706239279,5376724
9118,706251124,711560101,5308977
9119,711572947,716889865,5316918
9120,716907480,722403072,5495592
9121,722421146,727787793,5366647
9122,727801087,733173059,5371972
9123,733188363,738556636,5368273
9124,738569615,743934149,5364534
9125,743945800,749310527,5364727
9126,749323628,754698184,5374556
9127,754710363,760023096,5312733
9128,760036252,765352246,5315994
9129,765364222,770687403,5323181
9130,770700138,776025647,5325509
9131,776037947,781355294,5317347
9132,781366801,786701622,5334821
9133,786714397,792030709,5316312
9134,792042186,797375128,5332942
9135,797388247,802722201,5333954
9136,802734150,808063733,5329583
9137,808077034,813407941,5330907
9138,813419737,818774618,5354881
9139,818787389,824119105,5331716
9140,824130552,829465268,5334716
9141,829476668,834842016,5365348
9142,834857330,840192284,5334954
9143,840203701,845547774,5344073
9144,845560903,850909384,5348481
9145,850920957,856326802,5405845
9146,856340269,861721932,5381663
9147,861733705,867187924,5454219
9148,867200885,872577568,5376683
9149,872589076,877943480,5354404
9150,877956679,883298349,5341670
9151,883309806,888646422,5336616
9152,888657957,894027150,5369193
9153,894040577,899376686,5336109
9154,899388229,904734184,5345955
9155,904747085,910164586,5417501
9156,910180389,915545104,5364715
9157,915560220,920959410,5399190
9158,920971486,926431074,5459588
9159,926444253,931846608,5402355
9160,931858296,937263377,5405081
9161,937275584,942699484,5423900
9162,942712317,948110953,5398636
9163,948122892,953485639,5362747
9164,953498916,958981881,5482965
9165,958993446,964420199,5426753
9166,964433162,969850302,5417140
9167,969923284,975352698,5429414
9168,975365977,980840136,5474159
9169,980851779,986401680,5549901
9170,986414508,991771307,5356799
9171,991782852,997145722,5362870
9172,997157611,2641518,-994516093
9173,2654682,8023083,5368401
9174,8034523,13408647,5374124
9175,13421616,18806960,5385344
9176,18819247,24195567,5376320
9177,24208518,29577223,5368705
9178,29588760,34973503,5384743
9179,34986308,40348692,5362384
9180,40360052,45732987,5372935
9181,45744396,51136599,5392203
9182,51149324,56540838,5391514
9183,56553168,61950442,5397274
9184,61963228,67343482,5380254
9185,67355080,72737347,5382267
9186,72750285,78142656,5392371
9187,78154654,83538302,5383648
9188,83551087,88929370,5378283
9189,88940734,94347601,5406867
9190,94360807,99757844,5397037
9191,99769592,105158147,5388555
9192,105169446,110573560,5404114
9193,110586240,115980305,5394065
9194,115992439,121382637,5390198
9195,121395237,126794224,5398987
9196,126805869,132195246,5389377
9197,132208169,137649259,5441090
9198,137661114,143058127,5397013
9199,143071193,148504709,5433516
9200,148516262,153982897,5466635
9201,153995913,159452445,5456532
9202,159464912,164908408,5443496
9203,164920073,170382945,5462872
9204,170396164,175810309,5414145
9205,175822598,181227652,5405054
9206,181240462,186670982,5430520
9207,186686138,192093800,5407662
9208,192107347,197515415,5408068
9209,197527557,202988211,5460654
9210,203001277,208413638,5412361
9211,208440374,213886588,5446214
9212,213899699,219323606,5423907
9213,219335890,224818596,5482706
9214,224846886,230288550,5441664
9215,230301649,235728768,5427119
9216,235740909,241157079,5416170
9217,241169577,246595748,5426171
9218,246607286,252027874,5420588
9219,252040968,257456753,5415785
9220,257468681,262895060,5426379
9221,262907648,268314897,5407249
9222,268326517,273767808,5441291
9223,273780378,279262022,5481644
9224,279274316,284771522,5497206
9225,284782824,290229885,5447061
9226,290242766,295721628,5478862
9227,295733659,301159154,5425495
9228,301171744,306622516,5450772
9229,306634275,312072448,5438173
9230,312085413,317519732,5434319
9231,317531568,322979686,5448118
9232,322992552,328426856,5434304
9233,328438573,333896092,5457519
9234,333911353,339347757,5436404
9235,339360435,344792212,5431777
9236,344803918,350245569,5441651
9237,350258395,355689027,5430632
9238,355700650,361138544,5437894
9239,361151590,366599409,5447819
9240,366611290,372061491,5450201
9241,372074372,377520579,5446207
9242,377532590,383004310,5471720
9243,383017339,388478461,5461122
9244,388490490,393953166,5462676
9245,393966388,399425182,5458794
9246,399437324,404892161,5454837
9247,404904057,410368040,5463983
9248,410380830,415831443,5450613
9249,415842988,421299670,5456682
9250,421312751,426774821,5462070
9251,426786549,432240967,5454418
9252,432253953,437718985,5465032
9253,437731453,443185599,5454146
9254,443198547,448645173,5446626
9255,448656943,454182349,5525406
9256,454197002,459648486,5451484
9257,459660415,465108353,5447938
9258,465119765,470695484,5575719
9259,470708340,476218161,5509821
9260,476229674,481707963,5478289
9261,481721014,487183585,5462571
9262,487195142,492664324,5469182
9263,492677262,498158538,5481276
9264,498170624,503635826,5465202
9265,503648338,509109205,5460867
9266,509120760,514593330,5472570
9267,514606047,520138345,5532298
9268,520151619,525613967,5462348
9269,525625514,531157581,5532067
9270,531170404,536684628,5514224
9271,536696234,542171488,5475254
9272,542184476,547641597,5457121
9273,547652789,553116989,5464200
9274,553129993,558602357,5472364
9275,558614200,564075078,5460878
9276,564087956,569548277,5460321
9277,569560328,575032557,5472229
9278,575045365,580518288,5472923
9279,580530710,586011287,5480577
9280,586024038,591490428,5466390
9281,591502075,596966812,5464737
9282,596978489,602470827,5492338
9283,602483948,607953463,5469515
9284,607965138,613511001,5545863
9285,613523832,619028423,5504591
9286,619042384,624533804,5491420
9287,624546564,630050850,5504286
9288,630063124,635598206,5535082
9289,635610984,641206089,5595105
9290,641218218,646765268,5547050
9291,646777881,652262748,5484867
9292,652274207,657772408,5498201
9293,657785520,663368939,5583419
9294,663380953,668891791,5510838
9295,668903387,674520852,5617465
9296,674533642,680040168,5506526
9297,680052167,685562524,5510357
9298,685575104,691091922,5516818
9299,691107111,696609815,5502704
9300,696623004,702165097,5542093
9301,702177477,707731989,5554512
9302,707745301,713309529,5564228
9303,713332361,718931125,5598764
9304,718951165,724497732,5546567
9305,724510778,730031778,5521000
9306,730048192,735549240,5501048
9307,735561630,741065637,5504007
9308,741077894,746654469,5576575
9309,746667846,752162356,5494510
9310,752174194,757730346,5556152
9311,757743234,763295672,5552438
9312,763307535,768880562,5573027
9313,768893864,774457544,5563680
9314,774469174,780028877,5559703
9315,780041969,785669335,5627366
9316,785681439,791190286,5508847
9317,791203077,796712888,5509811
9318,796724644,802256408,5531764
9319,802269762,807775824,5506062
9320,807787450,813303290,5515840
9321,813314708,818847007,5532299
9322,818860063,824384835,5524772
9323,824397298,829927465,5530167
9324,829940276,835481028,5540752
9325,835496107,841024926,5528819
9326,841037791,846581636,5543845
9327,846593853,852122171,5528318
9328,852135144,857725252,5590108
9329,857737008,863321999,5584991
9330,863335388,868858671,5523283
9331,868870124,874444549,5574425
9332,874457189,879983154,5525965
9333,879994734,885533350,5538616
9334,885546591,891069301,5522710
9335,891080868,896603671,5522803
9336,896630317,902171064,5540747
9337,902184326,907770855,5586529
9338,907782829,913371002,5588173
9339,913383913,919039758,5655845
9340,919051661,924649309,5597648
9341,924662605,930300668,5638063
9342,930312529,935850060,5537531
9343,935862871,941413387,5550516
9344,941425268,946978392,5553124
9345,946991789,952537058,5545269
9346,952548994,958114342,5565348
9347,958127343,963672070,5544727
9348,963683823,969234743,5550920
9349,969247060,974811765,5564705
9350,974824997,980380434,5555437
9351,980391922,985969141,5577219
9352,985982540,991540268,5557728
9353,991551959,997115596,5563637
9354,997128444,2742026,-994386418
9355,2753921,8330946,5577025
9356,8345431,13918481,5573050
9357,13930289,19495142,5564853
9358,19508083,25069502,5561419
9359,25081365,30666070,5584705
9360,30679064,36243804,5564740
9361,36255562,41825609,5570047
9362,41838352,48291061,6452709
9363,48310535,54053686,5743151
9364,54073020,59635790,5562770
9365,59650535,65259699,5609164
9366,65273158,70976672,5703514
9367,70992449,76600646,5608197
9368,76613777,82249148,5635371
9369,82263876,87871593,5607717
9370,87883341,93491459,5608118
9371,93507264,99067907,5560643
9372,99079745,104650938,5571193
9373,104664079,110251528,5587449
9374,110263622,115853181,5589559
9375,115869425,121547753,5678328
9376,121567157,127140315,5573158
9377,127153589,132733124,5579535
9378,132745614,138339934,5594320
9379,138352627,143985494,5632867
9380,143997270,149627092,5629822
9381,149642903,155223235,5580332
9382,155235384,160838390,5603006
9383,160850140,166443874,5593734
9384,166456850,172052165,5595315
9385,172068324,177872856,5804532
9386,177891774,183469913,5578139
9387,183482110,189128673,5646563
9388,189144070,194882820,5738750
9389,194895520,200534627,5639107
9390,200548070,206213417,5665347
9391,206229170,211820225,5591055
9392,211834121,217436638,5602517
9393,217448334,223084609,5636275
9394,223097146,228756612,5659466
9395,228782938,234398567,5615629
9396,234412129,240001961,5589832
9397,240013614,245622003,5608389
9398,245635229,251231091,5595862
9399,251242861,256839956,5597095
9400,256852421,262521472,5669051
9401,262541270,268227003,5685733
9402,268239268,273900821,5661553
9403,273914579,279507221,5592642
9404,279519189,285178229,5659040
9405,285191268,290860474,5669206
9406,290872493,296520978,5648485
9407,296537084,302275508,5738424
9408,302287482,307929177,5641695
9409,307942148,313556970,5614822
9410,313568846,319235926,5667080
9411,319255407,324979645,5724238
9412,324992125,330667329,5675204
9413,330680430,336303534,5623104
9414,336318698,342010723,5692025
9415,342024138,347709588,5685450
9416,347724897,353534133,5809236
9417,353549903,359274284,5724381
9418,359286859,365006333,5719474
9419,365018196,370885020,5866824
9420,370898404,376584258,5685854
9421,376596480,382291393,5694913
9422,382304266,387982542,5678276
9423,387994458,393668715,5674257
9424,393681763,399370614,5688851
9425,399382956,405068272,5685316
9426,405081526,410770700,5689174
9427,410782766,416430831,5648065
9428,416446566,422101591,5655025
9429,422114517,427749321,5634804
9430,427762430,433407704,5645274
9431,433419169,439055844,5636675
9432,439069406,444706208,5636802
9433,444717901,450367893,5649992
9434,450380894,456029617,5648723
9435,456041297,461712815,5671518
9436,461726127,467419040,5692913
9437,467437649,473095930,5658281
9438,473108049,478901009,5792960
9439,478917721,484578006,5660285
9440,484590514,490272100,5681586
9441,490285364,495951629,5666265
9442,495963407,501688367,5724960
9443,501704949,507617369,5912420
9444,507641451,513390176,5748725
9445,513406119,519080626,5674507
9446,519092547,524765257,5672710
9447,524778541,530638090,5859549
9448,530656078,536383431,5727353
9449,536398429,542155518,5757089
9450,542171223,547910352,5739129
9451,547925446,553667837,5742391
9452,553682790,559362076,5679286
9453,559375493,565041066,5665573
9454,565053292,570733335,5680043
9455,570746596,576417349,5670753
9456,576429388,582109414,5680026
9457,582121979,587797222,5675243
9458,587809306,593498357,5689051
9459,593511263,599183863,5672600
9460,599195212,604868962,5673750
9461,604890609,610570147,5679538
9462,610583239,616259983,5676744
9463,616271654,621962485,5690831
9464,621975391,627664775,5689384
9465,627676624,633383192,5706568
9466,633396095,639083355,5687260
9467,639094950,644780305,5685355
9468,644793269,650501022,5707753
9469,650512976,656208373,5695397
9470,656221063,661922492,5701429
9471,661933991,667635992,5702001
9472,667649361,673404182,5754821
9473,673415825,679106020,5690195
9474,679118805,684874175,5755370
9475,684886236,690700103,5813867
9476,690715986,696419302,5703316
9477,696430995,702152807,5721812
9478,702165515,707879541,5714026
9479,707892039,713604366,5712327
9480,713617227,719329749,5712522
9481,719342079,725067952,5725873
9482,725080950,730802768,5721818
9483,730815240,736529857,5714617
9484,736541510,742273102,5731592
9485,742286369,747998593,5712224
9486,748010610,753791446,5780836
9487,753804995,759518119,5713124
9488,759529835,765365234,5835399
9489,765379853,771109560,5729707
9490,771122235,776851723,5729488
9491,776868042,782630622,5762580
9492,782649978,788379121,5729143
9493,788392831,794232820,5839989
9494,794244937,799972851,5727914
9495,799985960,805727692,5741732
9496,805739545,811463434,5723889
9497,811476779,817210865,5734086
9498,817223147,822957340,5734193
9499,822970426,828703823,5733397
9500,828715348,834483270,5767922
9501,834499218,840226519,5727301
9502,840238402,845986770,5748368
9503,845999926,851737383,5737457
9504,851750404,857558486,5808082
9505,857572008,863358850,5786842
9506,863370611,869237796,5867185
9507,869253526,874988372,5734846
9508,875000666,880729520,5728854
9509,880741291,886489800,5748509
9510,886502948,892276810,5773862
9511,892298364,898169751,5871387
9512,898188099,903979558,5791459
9513,903991679,909850081,5858402
9514,909863402,915607455,5744053
9515,915619617,921409055,5789438
9516,921424640,927243514,5818874
9517,927259625,933014005,5754380
9518,933027477,938774261,5746784
9519,938786563,944534111,5747548
9520,944547225,950301103,5753878
9521,950312659,956056032,5743373
9522,956069008,961832766,5763758
9523,961844686,967593799,5749113
9524,967606602,973373050,5766448
9525,973384984,979162770,5777786
9526,979178808,985028097,5849289
9527,985046446,990799705,5753259
9528,990813085,996619369,5806284
9529,996631044,2406847,-994224197
9530,2420439,8173516,5753077
9531,8185367,13944572,5759205
9532,13957249,19714534,5757285
9533,19726951,25644336,5917385
9534,25660206,31475574,5815368
9535,31487029,37362834,5875805
9536,37375625,43188043,5812418
9537,43200290,49038601,5838311
9538,49054504,54878928,5824424
9539,54891057,60711232,5820175
9540,60723531,66601484,5877953
9541,66614302,72428377,5814075
9542,72440010,78222447,5782437
9543,78235503,84013725,5778222
9544,84025857,89804532,5778675
9545,89817756,95591477,5773721
9546,95603408,101395894,5792486
9547,101409421,107179569,5770148
9548,107191244,112986423,5795179
9549,112999757,118769784,5770027
9550,118781437,124565551,5784114
9551,124578973,130469613,5890640
9552,130481677,136271326,5789649
9553,136284477,142080111,5795634
9554,142091841,147883625,5791784
9555,147896839,153692024,5795185
9556,153703829,159505570,5801741
9557,159518440,165320299,5801859
9558,165332683,171118882,5786199
9559,171131923,176935177,5803254
9560,176947429,182800043,5852614
9561,182812959,188609836,5796877
9562,188625531,194429898,5804367
9563,194443390,200232555,5789165
9564,200244491,206057532,5813041
9565,206070796,211884212,5813416
9566,211906718,217866461,5959743
9567,217888190,223791784,5903594
9568,223811531,230089050,6277519
9569,230120264,235950072,5829808
9570,235964070,241816833,5852763
9571,241834122,247666916,5832794
9572,247684087,253596354,5912267
9573,253616768,259422024,5805256
9574,259437426,265271468,5834042
9575,265284823,271072302,5787479
9576,271084511,276898877,5814366
9577,276913472,282754641,5841169
9578,282766410,288550355,5783945
9579,288561925,294479274,5917349
9580,294492681,300281153,5788472
9581,300292735,306108542,5815807
9582,306123337,311932848,5809511
9583,311948974,317758296,5809322
9584,317771578,323557896,5786318
9585,323569579,329389759,5820180
9586,329416267,335230778,5814511
9587,335246523,341054040,5807517
9588,341067635,346884482,5816847
9589,346896470,352779548,5883078
9590,352792917,358703086,5910169
9591,358715095,364541647,5826552
9592,364556581,370387947,5831366
9593,370400234,376210716,5810482
9594,376224303,382034812,5810509
9595,382046590,387845361,5798771
9596,387858239,393685012,5826773
9597,393699744,399510500,5810756
9598,399523606,405385525,5861919
9599,405397441,411254393,5856952
9600,411267304,417168928,5901624
9601,417181197,423001545,5820348
9602,423016233,428828822,5812589
9603,428840447,434651076,5810629
9604,434664095,440473950,5809855
9605,440485871,446331624,5845753
9606,446346580,452154099,5807519
9607,452165933,457991949,5826016
9608,458005509,463809911,5804402
9609,463821579,469713567,5891988
9610,469729016,475543855,5814839
9611,475558317,481437267,5878950
9612,481450767,487309721,5858954
9613,487321858,493196773,5874915
9614,493210017,499034810,5824793
9615,499049294,504946232,5896938
9616,504959729,510780758,5821029
9617,510792319,516622204,5829885
9618,516634970,522454746,5819776
9619,522466870,528290029,5823159
9620,528304118,534153908,5849790
9621,534167338,539992161,5824823
9622,540004313,545848757,5844444
9623,545861681,551688799,5827118
9624,551700660,557562574,5861914
9625,557577350,563414106,5836756
9626,563426375,569327460,5901085
9627,569340597,575230077,5889480
9628,575241674,581169762,5928088
9629,581185269,587016921,5831652
9630,587028852,592940154,5911302
9631,592953247,598801895,5848648
9632,598813480,604677577,5864097
9633,604690698,610551833,5861135
9634,610565703,616429780,5864077
9635,616442959,622300185,5857226
9636,622311775,628171016,5859241
9637,628184330,634057649,5873319
9638,634072367,639926781,5854414
9639,639939722,645805871,5866149
9640,645818090,651686377,5868287
9641,651699844,657571860,5872016
9642,657583383,663444395,5861012
9643,663459416,669330412,5870996
9644,669342621,675205896,5863275
9645,675218839,681092401,5873562
9646,681104026,686990170,5886144
9647,687005865,692879356,5873491
9648,692891235,698758297,5867062
9649,698771516,704643236,5871720
9650,704654974,710680130,6025156
9651,710702939,716714979,6012040
9652,716739307,722631167,5891860
9653,722651739,728616717,5964978
9654,728637820,734588984,5951164
9655,734610468,740622959,6012491
9656,740642819,746636235,5993416
9657,746661914,753317081,6655167
9658,753338480,759209764,5871284
9659,759223288,765198318,5975030
9660,765210389,771161001,5950612
9661,771176159,777111646,5935487
9662,777123748,783050471,5926723
9663,783063830,789060509,5996679
9664,789072420,795018685,5946265
9665,795033738,801012248,5978510
9666,801024269,806966344,5942075
9667,806979486,812927896,5948410
9668,812940138,818827433,5887295
9669,818842635,824734926,5892291
9670,824746850,830646660,5899810
9671,830659631,836562591,5902960
9672,836577674,842462601,5884927
9673,842475873,848392633,5916760
9674,848406699,854284308,5877609
9675,854297352,860181494,5884142
9676,860193510,866102337,5908827
9677,866115739,872007168,5891429
9678,872021743,877934366,5912623
9679,877947853,883850998,5903145
9680,883863124,889770281,5907157
9681,889782984,895681220,5898236
9682,895692900,901625596,5932696
9683,901640562,907538630,5898068
9684,907550217,913462820,5912603
9685,913476126,919383674,5907548
9686,919395838,925309749,5913911
9687,925322655,931229569,5906914
9688,931243820,937164331,5920511
9689,937177515,943082302,5904787
9690,943094563,949017546,5922983
9691,949030364,954954524,5924160
9692,954968903,960946496,5977593
9693,960960231,966900290,5940059
9694,966912308,972898105,5985797
9695,972911124,978812272,5901148
9696,978823987,984772038,5948051
9697,984787181,990703538,5916357
9698,990715416,996643260,5927844
9699,996656131,2584767,-994071364
9700,2597425,8532265,5934840
9701,8544802,14461157,5916355
9702,14475125,20410966,5935841
9703,20424150,26353721,5929571
9704,26366273,32279625,5913352
9705,32305134,38232444,5927310
9706,38246753,44180797,5934044
9707,44193091,50120547,5927456
9708,50133503,56057422,5923919
9709,56069083,62001467,5932384
9710,62014313,67941122,5926809
9711,67968485,73906913,5938428
9712,73920300,79833046,5912746
9713,79844984,85891772,6046788
9714,85910259,91903526,5993267
9715,91919359,97911820,5992461
9716,97925177,103935192,6010015
9717,103947100,109946250,5999150
9718,109959782,115874863,5915081
9719,115886493,121830140,5943647
9720,121844747,127782440,5937693
9721,127795243,133735787,5940544
9722,133748973,139684759,5935786
9723,139696630,145651521,5954891
9724,145664294,151614158,5949864
9725,151628780,157580690,5951910
9726,157593789,163527073,5933284
9727,163539157,169487973,5948816
9728,169500776,175453530,5952754
9729,175468218,181421497,5953279
9730,181434744,187386206,5951462
9731,187401232,193362942,5961710
9732,193376437,199316034,5939597
9733,199327556,205298175,5970619
9734,205312564,211249440,5936876
9735,211260865,217226140,5965275
9736,217239450,223195017,5955567
9737,223206753,229214270,6007517
9738,229247644,235212464,5964820
9739,235224931,241192540,5967609
9740,241205817,247156127,5950310
9741,247167426,253151453,5984027
9742,253166133,259125710,5959577
9743,259137776,265103435,5965659
9744,265116619,271141209,6024590
9745,271152749,277132585,5979836
9746,277145987,283123412,5977425
9747,283137621,289122997,5985376
9748,289135782,295097938,5962156
9749,295109513,301099854,5990341
9750,301112883,307082532,5969649
9751,307094039,313092441,5998402
9752,313107176,319123160,6015984
9753,319136214,325207187,6070973
9754,325220053,331193275,5973222
9755,331204720,337195351,5990631
9756,337210472,343205251,5994779
9757,343220294,349209231,5988937
9758,349222363,355191806,5969443
9759,355203409,361204494,6001085
9760,361218014,367195840,5977826
9761,367210360,373196565,5986205
9762,373209461,379189795,5980334
9763,379201506,385195497,5993991
9764,385208619,391193138,5984519
9765,391206868,397194182,5987314
9766,397207120,403187605,5980485
9767,403199523,409186645,5987122
9768,409199636,415180524,5980888
9769,415192333,421210560,6018227
9770,421225297,427265144,6039847
9771,427277408,433378486,6101078
9772,433391580,439437470,6045890
9773,439449427,445553511,6104084
9774,445567056,451621725,6054669
9775,451636092,457738544,6102452
9776,457751750,463804708,6052958
9777,463819100,469923573,6104473
9778,469937529,475986334,6048805
9779,476000706,482121448,6120742
9780,482134597,488143261,6008664
9781,488156433,494160416,6003983
9782,494172164,500186870,6014706
9783,500199498,506207706,6008208
9784,506221759,512248187,6026428
9785,512261373,518259257,5997884
9786,518271083,524343291,6072208
9787,524356305,530386686,6030381
9788,530402657,536435399,6032742
9789,536448856,542448536,5999680
9790,542460151,548483781,6023630
9791,548496747,554512439,6015692
9792,554524347,560619356,6095009
9793,560634314,566710667,6076353
9794,566723054,572865761,6142707
9795,572879088,578948921,6069833
9796,578960506,585048913,6088407
9797,585063781,591083231,6019450
9798,591095167,597139888,6044721
9799,597153142,603172073,6018931
9800,603183959,609236207,6052248
9801,609249208,615278560,6029352
9802,615293320,621337366,6044046
9803,621350758,627366212,6015454
9804,627377807,633423530,6045723
9805,633436167,639470318,6034151
9806,639482790,645527106,6044316
9807,645540045,651568346,6028301
9808,651579856,657628799,6048943
9809,657642324,663689586,6047262
9810,663704025,669745891,6041866
9811,669759088,675795381,6036293
9812,675807161,681866785,6059624
9813,681879989,687931596,6051607
9814,687946649,694114113,6167464
9815,694129217,700282612,6153395
9816,700295375,706445901,6150526
9817,706462150,712725848,6263698
9818,712751629,718980061,6228432
9819,719002638,725291817,6289179
9820,725312190,731455699,6143509
9821,731473326,737578922,6105596
9822,737596211,743759031,6162820
9823,743774949,749975091,6200142
9824,749991620,756153707,6162087
9825,756167520,762296371,6128851
9826,762308172,768517991,6209819
9827,768531524,774584759,6053235
9828,774599031,780756365,6157334
9829,780769689,786870338,6100649
9830,786882660,793057888,6175228
9831,793070493,799181915,6111422
9832,799193683,805271099,6077416
9833,805285751,811356762,6071011
9834,811369199,817452754,6083555
9835,817478516,823548882,6070366
9836,823560575,829653814,6093239
9837,829668772,835753982,6085210
9838,835768797,841899358,6130561
9839,841912722,848042395,6129673
9840,848055283,854151394,6096111
9841,854163666,860269653,6105987
9842,860284577,866356946,6072369
9843,866368571,872466544,6097973
9844,872479788,878552908,6073120
9845,878564549,884668914,6104365
9846,884683795,890755532,6071737
9847,890767511,896873475,6105964
9848,896886807,902955890,6069083
9849,902967869,909071045,6103176
9850,909085732,915171050,6085318
9851,915183271,921275124,6091853
9852,921288168,927376578,6088410
9853,927388143,933493505,6105362
9854,933508303,939607160,6098857
9855,939619224,945791654,6172430
9856,945808021,951908725,6100704
9857,951920676,958012273,6091597
9858,958029645,964144210,6114565
9859,964158165,970253425,6095260
9860,970266606,976395004,6128398
9861,976407206,982508368,6101162
9862,982521487,988651321,6129834
9863,988665946,994768345,6102399
9864,994781476,908703,-993872773
9865,921176,7076553,6155377
9866,7089599,13205213,6115614
9867,13216886,19339743,6122857
9868,19354819,25476553,6121734
9869,25488770,31592829,6104059
9870,31605737,37730223,6124486
9871,37742011,43932567,6190556
9872,43947527,50109054,6161527
9873,50120369,56315586,6195217
9874,56328617,62501593,6172976
9875,62513840,68707348,6193508
9876,68722261,74829583,6107322
9877,74841254,80977151,6135897
9878,80990270,87104203,6113933
9879,87116122,93253716,6137594
9880,93268239,99382342,6114103
9881,99394281,105531690,6137409
9882,105545140,111652492,6107352
9883,111664170,117811548,6147378
9884,117826296,124012282,6185986
9885,124025579,130204580,6179001
9886,130216581,136452242,6235661
9887,136465363,142637829,6172466
9888,142652336,148905266,6252930
9889,148919044,155107365,6188321
9890,155118983,161366841,6247858
9891,161379789,167559126,6179337
9892,167570744,173828889,6258145
9893,173844138,180091873,6247735
9894,180104022,186252105,6148083
9895,186267323,192421425,6154102
9896,192433925,198585635,6151710
9897,198600205,204740328,6140123
9898,204751986,210892335,6140349
9899,210905356,217048404,6143048
9900,217060425,223203009,6142584
9901,223216055,229536083,6320028
9902,229558865,235828672,6269807
9903,235854519,242047032,6192513
9904,242059276,248296571,6237295
9905,248309710,254458699,6148989
9906,254472775,260643220,6170445
9907,260656680,266795127,6138447
9908,266806539,272981337,6174798
9909,272994679,279161391,6166712
9910,279173828,285342447,6168619
9911,285356987,291514228,6157241
9912,291526006,297748260,6222254
9913,297761491,304034803,6273312
9914,304047774,310258285,6210511
9915,310273394,316508198,6234804
9916,316523587,322681187,6157600
9917,322693476,328862920,6169444
9918,328875891,335048787,6172896
9919,335064414,341245001,6180587
9920,341258606,347414560,6155954
9921,347426142,353588158,6162016
9922,353600828,359771900,6171072
9923,359783683,365948182,6164499
9924,365963316,372140583,6177267
9925,372152431,378314161,6161730
9926,378327285,384514455,6187170
9927,384526980,390699155,6172175
9928,390713973,396890535,6176562
9929,396902015,403069362,6167347
9930,403081897,409268065,6186168
9931,409280514,415457398,6176884
9932,415470154,421668075,6197921
9933,421682276,427888269,6205993
9934,427901969,434079118,6177149
9935,434090896,440287885,6196989
9936,440301282,446492630,6191348
9937,446506578,452758002,6251424
9938,452772982,458961246,6188264
9939,458973182,465163171,6189989
9940,465176325,471374637,6198312
9941,471389347,477579941,6190594
9942,477593022,483801441,6208419
9943,483814341,490012082,6197741
9944,490023898,496223698,6199800
9945,496236473,502439354,6202881
9946,502453490,508655341,6201851
9947,508668141,514867559,6199418
9948,514879545,521131613,6252068
9949,521144912,527349734,6204822
9950,527363816,533589087,6225271
9951,533602782,539807510,6204728
9952,539819060,546024740,6205680
9953,546037545,552250084,6212539
9954,552264222,558524806,6260584
9955,558538163,564850757,6312594
9956,564862478,571120832,6258354
9957,571133702,577349631,6215929
9958,577361668,583586047,6224379
9959,583601010,589803176,6202166
9960,589814894,596029738,6214844
9961,596058183,602272388,6214205
9962,602287066,608508473,6221407
9963,608521687,614716496,6194809
9964,614728344,620951704,6223360
9965,620964905,627163518,6198613
9966,627175173,633402231,6227058
9967,633416721,639633620,6216899
9968,639646746,645854912,6208166
9969,645866798,652094154,6227356
9970,652106822,658308525,6201703
9971,658320005,664571751,6251746
9972,664586822,670796050,6209228
9973,670807505,677029857,6222352
9974,677042618,683271530,6228912
9975,683283880,689536369,6252489
9976,689552282,695792484,6240202
9977,695804487,702027744,6223257
9978,702040607,708275747,6235140
9979,708287686,714521566,6233880
9980,714536306,720763514,6227208
9981,720775105,727007599,6232494
9982,727020838,733250934,6230096
9983,733262546,739497243,6234697
9984,739511735,745738317,6226582
9985,745750468,751985438,6234970
9986,751998795,758221794,6222999
9987,758233176,764471574,6238398
9988,764484608,770714084,6229476
9989,770728662,777006547,6277885
9990,777024176,783254440,6230264
9991,783268195,789598201,6330006
9992,789613718,795931851,6318133
9993,795947679,802209923,6262244
9994,802221644,808461244,6239600
9995,808474749,814695868,6221119
9996,814707847,820947971,6240124
9997,820960854,827243418,6282564
9998,827257752,833657067,6399315
9999,833672656,839961753,6289097
10000,839974328,846241842,6267514
